

0.2726123671874999	0.2726123671874999	0.2726123671874999	0.13650405078125	0.06911605068359375	0.03505223925781248	0.017719205078125005	0.009006569531249998	0.004578109062499996	0.0023196159375000014	0.001179165624999999	0.0005991647500000004	0.0003039932499999998	0.00015340924999999997	0.00007781195	0.00003940437499999996	0.000019954999999999964	0.000010089124999999998	5.108777500000001e-6
0.44319284863281244	0.44319284863281244	0.44319284863281244	0.22219898925781248	0.11374573134765627	0.0591744390625	0.03037577421874999	0.015619717187499996	0.008123732656249997	0.004200197499999998	0.0021618931249999993	0.0011214199999999995	0.00057787775	0.0002980559999999999	0.00015360299999999993	0.00007892019999999996	0.00004051327499999995	0.000020899849999999976	0.000010721774999999983
0.671578873046875	0.671578873046875	0.671578873046875	0.35184691699218756	0.1801015419921875	0.09451153437500001	0.04809662539062498	0.026484296874999994	0.014418590624999993	0.007268385625000001	0.0038782774999999957	0.0021148637500000003	0.0010755924999999989	0.0005779652500000002	0.00030035900000000015	0.000154575	0.00008329844999999995	0.000045761775000000025	0.000022574349999999995
0.9604344384765624	0.9604344384765624	0.9604344384765624	0.518027537109375	0.2727951669921875	0.14307031640625	0.08072698789062498	0.04023637656249999	0.022356200000000003	0.011958299999999996	0.006717845624999997	0.0035871999999999996	0.001946884999999999	0.0011172075000000002	0.0005466092499999997	0.00029122725000000005	0.0001557925	0.00008463602499999999	0.00004342759999999999
1.347896796875	1.347896796875	1.347896796875	0.7389406083984376	0.39922469042968745	0.20431360937499998	0.11902446874999999	0.06366558046875001	0.03588438125000001	0.01980343437500001	0.011282281249999996	0.006112297500000001	0.0033560975000000008	0.0018773699999999997	0.0010082449999999996	0.0005620272499999998	0.00030688075	0.00016683900000000006	0.00008768742500000004
1.8633437499999999	1.8633437499999999	1.8633437499999999	0.9945669238281252	0.5608438750000001	0.29075105859375006	0.16572407031249997	0.09104327578125	0.055082290625	0.031733675	0.017896049999999997	0.00998913875	0.005625247499999999	0.003074107499999997	0.0017438175000000003	0.0010048424999999995	0.0005665885000000001	0.0003046095	0.00017691874999999972
2.5161685156250004	2.5161685156250004	2.5161685156250004	1.322565966796875	0.7651693603515625	0.43184218359375004	0.24656346875	0.1329736796875	0.08245376874999999	0.04782564687499998	0.026236425000000004	0.015851474999999997	0.008991174999999999	0.0052513425	0.0029550549999999985	0.0017502724999999997	0.0010574374999999994	0.00061352125	0.00038520624999999984
3.3913481933593754	3.3913481933593754	3.3913481933593754	1.748089189453125	1.042640181640625	0.584558416015625	0.3411046328125	0.189200046875	0.12430289062500004	0.06938771562500001	0.039707862499999996	0.024042525000000002	0.013632350000000003	0.008316907500000002	0.005370917499999998	0.0027995224999999998	0.0017698750000000002	0.001079897499999999	0.0006022314999999997
4.537835	4.537835	4.537835	2.32908396484375	1.3445108398437502	0.76903861328125	0.45181822265625	0.25832175781249994	0.16837159375000005	0.09966113124999999	0.05694422499999998	0.0344039375	0.0206117	0.0125863	0.007937064999999997	0.004644869999999998	0.0028112274999999988	0.0019442724999999994	0.0009457290000000003
5.9783668359375	5.9783668359375	5.9783668359375	3.0756076855468746	1.790301640625	1.04635924609375	0.59472649609375	0.3556600703125	0.23480762499999996	0.14026996875000003	0.08487443124999997	0.05089444999999997	0.0314239	0.019238400000000003	0.011801274999999996	0.006916500000000001	0.004409802500000001	0.003017299999999998	0.001848414999999999
7.858169882812501	7.858169882812501	7.858169882812501	3.9856112109375	2.330621337890625	1.38341986328125	0.7735459609374999	0.47701441406249995	0.308490984375	0.19024621874999995	0.1163935	0.07263526250000002	0.04444387499999998	0.027753174999999995	0.016768350000000005	0.010074724999999996	0.006236645000000001	0.004149440000000001	0.0026471024999999977
10.229492802734375	10.229492802734375	10.229492802734375	5.15766458984375	2.9714203125	1.7574979882812503	1.0091154062499998	0.6322260546875	0.4094585781250001	0.25525043750000004	0.165061125	0.10122587499999995	0.06007797499999998	0.038686224999999984	0.023443449999999998	0.0144008	0.0090247825	0.00595348	0.003695372499999996
13.244704687499999	13.244704687499999	13.244704687499999	6.6134550878906255	3.7683437500000005	2.23367470703125	1.3082166015625	0.8271944140625	0.5450049843749998	0.344686375	0.21938325000000003	0.138524	0.08531587500000001	0.05634409999999998	0.03465264999999998	0.022176175	0.012957050000000006	0.008514470000000001	0.005295215000000001
17.272109277343755	17.272109277343755	17.272109277343755	8.464975048828123	4.7844291796875	2.8972292578124996	1.7079344140625001	1.09757625	0.709667421875	0.46483996875000005	0.2979562499999999	0.197346875	0.12207174999999998	0.07805809999999998	0.048564725	0.03282134999999999	0.019521799999999995	0.011896099999999996	0.007808245
22.271302734374995	22.271302734374995	22.271302734374995	10.8639814453125	6.139338886718752	3.73113171875	2.2282330468750002	1.4153521875	0.9369852187500001	0.61425921875	0.39044512500000006	0.2611103749999999	0.16687299999999997	0.10539775	0.07004992499999999	0.04541665	0.02738875	0.017504324999999987	0.012093125000000001
28.811357714843748	28.811357714843748	28.811357714843748	13.855694433593749	7.796593154296877	4.6776720507812515	2.82401296875	1.817774609375	1.194249375	0.7945216562499998	0.523494625	0.35797487499999997	0.22453474999999998	0.14912924999999996	0.09696485000000002	0.061268200000000016	0.03795935	0.024640549999999994	0.01758435
37.2867408203125	37.2867408203125	37.2867408203125	17.535816015625	9.900838134765625	5.924735449218751	3.5957392578125007	2.3263375	1.5337310937499997	1.0408871875000003	0.686632375	0.4580096249999999	0.2957275	0.202701	0.12745575	0.08459484999999999	0.057683624999999995	0.04380559999999999	0.023442874999999995
47.32343603515625	47.32343603515625	47.32343603515625	22.248779394531255	12.561192578125004	7.504853828125002	4.5605160546875	2.970368671875	1.9525678125	1.3252003125	0.8714969374999999	0.5888351250000001	0.38729225	0.258159	0.16584074999999998	0.10894200000000001	0.073556225	0.05491369999999999	0.030377249999999998
61.68940742187498	61.68940742187498	61.68940742187498	28.17065537109375	15.690703417968754	9.500950917968751	5.812524609375002	3.8185767187500006	2.5010667187499993	1.6755515625000001	1.1100206250000002	0.7527127499999999	0.4990725	0.34280999999999995	0.21838749999999996	0.14509799999999998	0.10111999999999997	0.07070599999999999	0.04183884999999998
77.78860693359374	77.78860693359374	77.78860693359374	35.66129140625001	19.78750800781249	11.900825468750002	7.348506484375002	4.820791875000002	3.1530804687500003	2.1235965625	1.42842625	0.981169	0.66543925	0.44155075	0.2805815	0.18635699999999997	0.13086574999999998	0.09296529999999999	0.055560800000000014
100.28182656250003	100.28182656250003	100.28182656250003	45.15654501953126	24.755674609375	14.871378125	9.162928242187501	6.047193359375	3.97555	2.687808125	1.8191706250000004	1.24797625	0.85970675	0.575515	0.37622875	0.23974774999999995	0.16755575	0.11710400000000001	0.071951825
129.6075380859376	129.6075380859376	129.6075380859376	56.36873925781249	30.99710019531251	18.687130078124998	11.614739062500004	7.556179531250002	5.006770312500001	3.3686293750000016	2.3033156249999998	1.5888375000000001	1.0908175	0.74092125	0.48452274999999995	0.3136520000000001	0.22238524999999998	0.15976449999999998	0.09253825000000002
163.53312597656245	163.53312597656245	163.53312597656245	71.23809599609379	38.94564931640625	23.339722851562502	14.655101171875	9.506725625	6.3166045312499985	4.244345	2.922048750000001	2.0315825	1.391985	0.9468265	0.6254355	0.4185775	0.28048875	0.20057424999999998	0.11848624999999999
212.6846542968751	212.6846542968751	212.6846542968751	89.8254393554688	48.410893554687505	29.224970703125006	18.261867968750007	11.864487500000006	7.937484843749999	5.339654062499999	3.6867568750000004	2.59022625	1.78856	1.2391825	0.784915	0.53029825	0.35815425	0.25863225	0.16154149999999998
271.20886035156246	271.20886035156246	271.20886035156246	112.78005781250005	59.84669599609379	35.874289453125	22.85135273437499	14.758670312500003	9.876500781249998	6.674236875000002	4.612739375000001	3.260709999999999	2.252475	1.5491549999999998	0.9994655	0.6784574999999999	0.46501249999999994	0.32225149999999997	0.20630174999999998
342.5142353515625	342.5142353515625	342.5142353515625	141.14660644531259	74.43551884765624	44.51632617187503	28.291727343750008	18.516365625000002	12.288789062500003	8.34059875	5.848559375000001	4.097787500000001	2.8769500000000003	2.0046975	1.3584425	0.92711025	0.57946275	0.4027827499999999	0.26005025000000004
441.4080146484377	441.4080146484377	441.4080146484377	176.8194755859376	91.86962499999998	55.2107279296875	34.980914453125	22.900977343749997	15.340192187500005	10.476846874999998	7.2763937499999995	5.097348750000001	3.5934300000000006	2.5171275	1.7101974999999998	1.1887275	0.74752125	0.520701	0.3287005
557.132872070313	557.132872070313	557.132872070313	221.480587890625	114.68915224609381	68.01672753906249	43.65406875	28.49903125000001	19.1424734375	13.082712500000003	9.103901875	6.382315000000001	4.483457500000001	3.1316150000000005	2.1283025	1.4750275	0.9353665	0.6561415	0.420392
712.4768105468756	712.4768105468756	712.4768105468756	278.08665625000003	142.45333886718754	85.21742499999998	54.24866054687503	35.40769687499999	23.7479015625	16.301546875	11.258093750000002	7.928295000000001	5.521132499999999	3.8868599999999995	2.631625	1.8219425	1.1734875	0.8187540000000001	0.53463975
915.5388896484371	915.5388896484371	915.5388896484371	348.05082421875	178.27836914062505	105.2920234375	67.03622695312501	43.796003125000006	29.2829328125	20.213790625000005	14.110118750000002	9.88550625	6.9046325	4.9027325	3.3110025	2.2822725	1.507345	1.0270875	0.6834290000000001
1161.3841533203135	1161.3841533203135	1161.3841533203135	437.6046679687501	220.13105859374994	130.83977148437504	82.93828945312501	54.39476796875001	36.533990624999994	25.1561625	17.64511875	12.327800000000003	8.589622499999999	6.130437500000001	4.189207500000001	2.8663049999999997	1.8891075000000002	1.288395	0.86293275
1493.1470898437497	1493.1470898437497	1493.1470898437497	544.2109482421877	271.4445888671876	159.9120625	102.54705390625006	67.19618750000001	45.31885312500001	31.185646875000003	21.7895875	15.303337500000003	10.7456	7.63459	5.2170025	3.593032500000001	2.41918	1.6949474999999998	1.1183275
1872.9788964843751	1872.9788964843751	1872.9788964843751	682.1710605468752	339.4676640625003	199.24310742187507	127.43666406249996	83.36944843749998	55.951054687500026	38.52485937499999	27.24851875	19.001987500000006	13.3553	9.470462500000002	6.447142500000002	4.4733725	3.0638975	2.0969800000000007	1.3977549999999999
2422.285488281251	2422.285488281251	2422.285488281251	855.3563378906255	423.2201640625	244.96575	156.97811328124996	102.92384296875005	69.60181093749993	47.839778125	33.606581250000005	23.4684	16.5159	11.565775	8.001375	5.532910000000001	3.7977300000000005	2.61301	1.7493150000000002
3072.507441406253	3072.507441406253	3072.507441406253	1053.1103027343754	523.2029150390626	302.97395117187506	193.67787109375007	126.77071874999999	85.75730312500002	59.010221875	41.59458125000002	29.216800000000003	20.409150000000004	14.338199999999999	9.8751575	6.879327500000001	4.764337500000001	3.2396175	2.189525
3895.538525390627	3895.538525390627	3895.538525390627	1339.526089843751	645.049375	377.06795507812495	238.00107031250016	156.61996875000008	105.98248437500001	73.99230312500003	51.04215000000002	35.88850000000001	25.208099999999998	17.745024999999995	12.246325000000002	8.569537500000001	5.918122500000001	4.0528475	2.7703599999999997
4948.875957031252	4948.875957031252	4948.875957031252	1669.672119140626	806.1752919921876	461.89837304687546	294.1653359375	193.882875	131.378515625	90.68146875000004	63.12178125000004	44.37005000000001	31.076075000000003	21.876550000000005	15.180025000000002	10.634075	7.38873	5.012012500000001	3.4334000000000002
6261.108623046876	6261.108623046876	6261.108623046876	2080.445615234377	991.3906074218754	571.4463242187504	361.7703906249999	238.22274218750005	161.37585937499998	112.04975000000003	78.04106250000005	54.8368625	38.45085000000001	26.943925000000004	18.739825000000003	13.138174999999997	9.1202225	6.213757500000001	4.2635175
8038.144960937507	8038.144960937507	8038.144960937507	2597.349072265625	1233.9136015625013	704.2942285156253	448.63689843750007	292.72946875000014	199.56240624999992	138.92125000000007	96.32506875000001	67.45898750000006	47.428600000000024	33.170425	23.25225000000001	16.325375000000008	11.373200000000002	7.75581	5.333527500000001
10250.415107421879	10250.415107421879	10250.415107421879	3266.4758496093746	1530.8601953125012	864.8136992187505	552.5359101562502	361.311921875	244.3416718750001	169.8612187500001	118.41000000000005	83.04753750000002	58.57462500000001	40.987675000000024	28.5057	20.183124999999997	14.193375000000003	9.693397500000003	6.667320000000002
13091.468320312504	13091.468320312504	13091.468320312504	4015.351777343747	1871.3754296875004	1065.2740625000008	679.774546875	446.0898203125001	303.32817187499984	209.99762500000006	146.56425	102.27512500000005	71.77972500000001	50.726225000000014	35.25592500000002	24.869425000000003	17.449025000000002	11.962050000000005	8.245487500000001
16605.751171875007	16605.751171875007	16605.751171875007	5061.5458398437495	2338.5829882812513	1315.757441406251	828.5745195312501	547.1744531249999	372.33296874999985	258.06084375	181.0538750000001	126.48949999999995	88.91267500000006	62.493325000000006	43.922575	30.736325000000008	21.581800000000005	14.936800000000002	10.432549999999999
21227.38398437499	21227.38398437499	21227.38398437499	6285.004892578123	2878.623662109377	1625.60609375	1019.3668398437504	671.2624375000003	458.34298437499984	317.07228124999995	222.52718749999994	156.21150000000003	108.79000000000003	76.98520000000003	53.68057500000001	37.757825000000004	26.606799999999996	18.510674999999996	12.957100000000002
27050.47246093753	27050.47246093753	27050.47246093753	7904.346601562511	3570.6587402343775	2015.8969531249988	1268.1164062500004	839.0825859375007	569.9092343750002	390.80187500000017	274.72925000000015	189.86387500000006	134.47850000000008	94.25195000000001	66.24875000000003	46.52115	32.73145	22.842975000000006	15.976099999999995
34501.15410156251	34501.15410156251	34501.15410156251	9897.760703125008	4420.751064453123	2480.5015820312515	1560.5619140624997	1024.5322968750006	698.1513593750005	484.8811249999999	335.3923125000003	236.70699999999997	164.79149999999993	117.11000000000004	81.97282499999997	57.51490000000001	40.508875	28.16677500000001	19.788199999999996
42697.367187500015	42697.367187500015	42697.367187500015	12438.94041015626	5476.743798828124	3039.728203125001	1885.9219531249994	1254.5074218750003	858.2629374999997	590.7151250000005	414.61912499999977	289.35675000000003	204.09949999999995	143.48675	100.88650000000007	71.25427500000004	49.98935	34.9143	24.338374999999996
56654.60400390632	56654.60400390632	56654.60400390632	15503.786914062506	6766.033818359372	3754.834531249999	2340.0468359375013	1528.291640625	1048.159171875001	722.9610937500008	512.7670625000004	357.1222500000003	251.58325	177.21675	124.39950000000006	88.03627500000006	61.50032500000001	42.960300000000004	30.060875000000003
70116.19384765626	70116.19384765626	70116.19384765626	19451.497460937506	8364.132031249992	4606.98560546875	2860.6550000000016	1901.3874218750007	1291.7367187500006	896.2481250000006	628.5956249999997	443.6048750000004	311.24100000000004	217.81599999999995	152.93650000000014	108.23875000000008	75.84057499999997	52.868025	37.00007500000002
90691.281640625	90691.281640625	90691.281640625	23976.665917968756	10365.572373046867	5627.643593750003	3533.3332031250006	2321.6540625000007	1589.6874999999995	1098.2196874999997	770.7205000000004	542.4692500000002	380.03225	266.9932500000001	188.64800000000002	132.7377500000001	93.18550000000005	64.980875	45.650550000000024
114491.75361328143	114491.75361328143	114491.75361328143	30231.84794921877	12798.872353515617	7085.97126953125	4345.196992187495	2861.248750000002	1953.2871874999992	1347.5100000000002	936.898812500001	667.772625	464.67725000000036	328.8637500000001	232.58600000000004	163.04325000000009	114.58099999999999	79.9401	56.10517499999999
145287.2666015624	145287.2666015624	145287.2666015624	37485.10664062498	15770.398437500018	8602.279550781248	5357.783320312506	3480.248437500003	2396.325312499999	1655.8828124999998	1156.1018749999996	813.2056249999995	576.3692499999999	406.47274999999996	285.3367499999998	200.31050000000002	141.01875	98.28532499999999	68.96747500000005
181314.54003906256	181314.54003906256	181314.54003906256	47160.70009765632	19577.58906250001	10631.742128906251	6564.1533203124945	4342.498906250003	2982.910468750004	2059.0296875000013	1425.9162499999993	1000.0921250000008	699.2537500000004	493.77350000000007	350.5865000000001	245.21325000000013	173.11425000000006	120.98500000000004	84.84032500000004
237668.40429687488	237668.40429687488	237668.40429687488	58444.17675781251	23798.989453125003	12982.985546875008	7985.167851562499	5284.652421875006	3565.935312500006	2508.2696875000015	1758.0437500000014	1230.4325000000006	863.8482499999997	612.0487500000006	431.73575000000034	302.9247500000002	212.39224999999996	148.5717500000001	104.31275000000001
295234.14355468785	295234.14355468785	295234.14355468785	72414.07499999992	30041.462402343735	16038.113867187496	9996.344140625006	6563.793281250007	4381.869062500004	3055.889999999997	2159.5899999999992	1503.1300000000003	1056.7975000000004	751.7827500000003	526.5912500000005	372.2337499999999	261.5965000000001	182.72375000000014	128.27224999999993
381880.577148438	381880.577148438	381880.577148438	90645.2159179687	37467.06943359375	19686.59101562502	12223.71687500001	7955.4701562500095	5428.161406249998	3740.0953124999965	2660.2175000000007	1834.255000000001	1306.8550000000002	915.5220000000003	647.4752500000001	454.5214999999998	320.61375000000015	225.23249999999996	158.7
487038.5966796881	487038.5966796881	487038.5966796881	114553.1143554688	45338.033886718775	24751.038085937515	14728.747265625016	9891.794218750005	6674.092812500003	4595.269062500006	3251.735625000005	2269.2575000000024	1600.6174999999998	1121.7275000000006	794.2442500000005	559.18875	395.08349999999996	277.35225	195.60075000000012
614337.8818359381	614337.8818359381	614337.8818359381	144329.7419921877	56436.903027343804	30156.46445312503	18123.552343750023	11960.32421875	8225.915000000008	5756.810937500001	3954.2343749999995	2766.042499999999	1958.4474999999993	1384.5525000000007	983.23725	685.2217499999998	484.8970000000002	340.13675000000006	240.14024999999998
793490.340820313	793490.340820313	793490.340820313	176900.46289062526	70100.41533203133	36969.36308593753	22584.66250000001	14741.093750000007	9995.656250000002	6935.2990625000075	4925.503750000004	3453.8337500000007	2417.6925000000006	1687.9075000000003	1195.6525000000006	843.4850000000001	596.6170000000001	419.21075000000013	295.32475
982452.9755859363	982452.9755859363	982452.9755859363	220257.03906249985	86473.08017578136	44981.094921875025	27779.576953125023	18188.262500000004	12302.806249999994	8508.166875	6006.089374999999	4191.708750000004	2958.02	2087.3875000000016	1477.8575000000005	1034.775	730.5482499999996	513.7914999999999	362.7375
1.2712243876953116e6	1.2712243876953116e6	1.2712243876953116e6	273931.24999999994	107045.346484375	56089.71171875006	33851.06992187498	22411.51796874999	14981.754687499997	10323.912499999991	7289.875625000009	5150.628749999999	3689.180000000002	2569.2974999999997	1814.4925	1272.2324999999996	895.0857499999995	628.6390000000006	445.15000000000015
1.6424665625000019e6	1.6424665625000019e6	1.6424665625000019e6	342088.47949218715	131599.23876953134	68818.57949218752	41911.81679687502	27015.51640625002	18522.45468750002	12811.56562500001	8794.900624999997	6332.171249999998	4412.102499999998	3112.3650000000043	2210.8849999999993	1558.2174999999988	1100.9649999999995	772.9145000000001	546.7477500000003
2.0582214355468757e6	2.0582214355468757e6	2.0582214355468757e6	432610.6923828126	164859.24707031256	86157.48359375002	50066.65546875005	33905.91796874997	22528.12187500002	15653.021875000004	10854.449999999995	7733.882499999997	5515.457500000002	3827.4374999999977	2737.622500000003	1925.147500000001	1349.9874999999997	949.2090000000003	671.5897500000003
2.659577089843753e6	2.659577089843753e6	2.659577089843753e6	532959.4589843749	203049.98339843744	104205.04960937508	62084.62265625005	41736.778125000004	27371.17812500003	19371.61249999999	13484.68750000001	9449.696250000015	6731.835000000009	4679.312499999995	3336.0350000000003	2335.985000000001	1661.4025000000008	1165.1475000000003	825.0782500000004
3.3372405761718773e6	3.3372405761718773e6	3.3372405761718773e6	675866.8720703118	250078.8105468752	127699.98007812508	76947.41328125009	50549.32656250003	34309.71093750002	23848.384375000016	16500.637500000004	11624.287500000006	8145.3975	5794.260000000008	4083.057500000003	2870.1225000000004	2039.017500000001	1430.3999999999992	1010.7774999999997
4.224312587890628e6	4.224312587890628e6	4.224312587890628e6	841863.6777343764	307980.63281250035	158296.03124999997	94564.02734375	62697.04453125003	41870.546875000044	28856.374999999975	20220.350000000006	14313.90000000002	9964.1025	7130.182500000009	4980.7249999999985	3546.1700000000023	2496.2450000000003	1751.5225000000016	1240.775
5.333143476562509e6	5.333143476562509e6	5.333143476562509e6	1.0592798496093755e6	381536.0058593748	194284.5898437502	117505.55117187486	75012.92500000012	51500.257812500065	35742.8375	24632.362500000025	17804.137500000004	12382.850000000008	8732.75249999999	6134.540000000003	4324.7350000000015	3049.5024999999982	2147.3175	1520.8025000000011
6.854292587890629e6	6.854292587890629e6	6.854292587890629e6	1.2979856679687514e6	471627.86328125	239892.17773437523	141419.41796875003	93130.41406249991	62555.18125000006	43486.22187500002	30150.343749999993	21450.94999999999	14886.774999999992	10632.12499999999	7566.4825	5313.235000000006	3759.042499999999	2635.6449999999995	1866.8775
8.962586523437502e6	8.962586523437502e6	8.962586523437502e6	1.6147392675781266e6	583731.599609376	299862.5917968754	173574.42187500026	114848.8765625002	76811.73906250006	53365.728125000074	37218.900000000045	26360.987500000025	18242.80000000001	12990.000000000005	9219.837500000005	6551.972500000005	4586.8175	3238.4450000000033	2294.905
1.1399267138671864e7	1.1399267138671864e7	1.1399267138671864e7	2.0659681347656264e6	720846.6914062505	366249.91210937523	211099.06640624994	141654.17968750032	95433.86250000012	64996.16874999996	45337.17500000001	32300.424999999996	22604.97500000003	16121.750000000002	11322.750000000007	8011.417499999995	5640.094999999996	3967.7950000000055	2811.6000000000013
1.4109424863281285e7	1.4109424863281285e7	1.4109424863281285e7	2.4907407324218755e6	888009.7939453126	442508.40039062593	264959.62109375023	169764.2812500002	113078.82812500009	79932.22812499995	56453.28749999997	39294.39999999997	27468.724999999973	19414.999999999985	13927.624999999995	9719.342500000002	6894.874999999999	4876.309999999996	3440.6950000000015
1.8347251757812474e7	1.8347251757812474e7	1.8347251757812474e7	3.122151357421876e6	1.1034767138671868e6	545319.7480468749	320654.3515625004	211141.64843750017	141809.60937499983	97107.85312500017	68771.74375000002	48257.70000000002	34305.97500000004	24108.900000000005	16916.250000000015	11956.474999999991	8490.6975	5980.227499999995	4224.7100000000055
2.3398471679687496e7	2.3398471679687496e7	2.3398471679687496e7	3.933264765625007e6	1.343015944335939e6	674044.712890626	393848.53515624994	258652.1875000001	174560.25000000017	120316.09375	83050.77500000004	58470.99999999996	41878.825000000026	29324.975000000017	20901.725000000006	14718.925000000012	10381.624999999996	7307.042500000008	5183.357499999999
2.936907158203127e7	2.936907158203127e7	2.936907158203127e7	4.806386054687502e6	1.6826607421875019e6	808461.3457031259	482861.7187499998	317510.0859375002	216606.68749999997	147039.46874999977	102691.3312500002	71941.6000000001	50588.72499999999	36351.72500000001	25422.325	17959.20000000001	12707.749999999996	9014.375000000005	6346.922500000004
3.744198505859381e7	3.744198505859381e7	3.744198505859381e7	6.282609873046874e6	2.0665838476562526e6	1.0075637421874998e6	599792.0781250007	387069.60937500023	263145.54687500023	179330.15625000006	127198.93750000025	87949.02500000001	62625.97500000004	44185.974999999984	31390.325000000044	22120.47500000004	15608.425000000016	10992.75	7777.742499999998
4.745572587890636e7	4.745572587890636e7	4.745572587890636e7	7.72652715820313e6	2.562490498046878e6	1.2374384277343745e6	737856.0507812506	475174.2031250005	333823.1406249999	222195.28124999977	155120.93749999997	108748.12499999999	76775.52499999994	54283.77499999994	38177.67500000005	27162.150000000023	19098.04999999999	13468.899999999998	9541.317500000012
5.9565806347656414e7	5.9565806347656414e7	5.9565806347656414e7	9.55963358398438e6	3.2153366699218745e6	1.5172786718750002e6	890701.5625000003	589044.648437501	404256.76562499977	274132.6562500003	189040.87500000017	131936.25000000017	95035.725	67108.22499999993	46975.474999999955	33063.57500000002	23375.400000000005	16524.12500000002	11685.925
7.79526513671875e7	7.79526513671875e7	7.79526513671875e7	1.2054596005859366e7	3.941997695312501e6	1.8812021289062481e6	1.0853532343750016e6	714452.3437500002	481670.2812499996	327179.12500000023	231371.56250000017	165130.12500000026	114202.7500000002	81354.45000000004	57536.125	40640.95	28671.45000000001	20223.675000000025	14339.450000000003
9.643619726562488e7	9.643619726562488e7	9.643619726562488e7	1.4814714843750035e7	4.794228017578121e6	2.317813320312498e6	1.3779028984375026e6	874439.7968750012	596326.156250001	406875.65625000006	288296.18750000023	200785.5000000003	138881.75000000006	100279.72500000002	70125.12499999991	49903.80000000008	35231.224999999984	24869.774999999983	17546.75000000002
1.2396192089843762e8	1.2396192089843762e8	1.2396192089843762e8	1.8564070214843772e7	6.044874492187496e6	2.844798984375007e6	1.7344957031249998e6	1.0966718671874986e6	726604.9843750008	504363.90624999965	344748.8750000005	240944.7499999999	169385.7499999998	122002.50000000003	86613.2250000001	61203.09999999999	43167.85000000003	30389.15	21483.900000000016
1.595968958984379e8	1.595968958984379e8	1.595968958984379e8	2.3353276660156276e7	7.4748241601562565e6	3.516466640624999e6	2.0741900000000033e6	1.33282296875e6	891822.2187499999	596378.96875	425282.2499999997	297926.75	209756.25000000044	149975.5000000001	106079.75	74925.90000000014	52782.90000000002	37251.64999999998	26373.049999999992
1.9803325781250024e8	1.9803325781250024e8	1.9803325781250024e8	2.8892325000000034e7	9.202585244140623e6	4.318116132812499e6	2.5660424218750023e6	1.5745568750000037e6	1.0794812031250007e6	739145.2500000014	530596.25	366376.74999999965	258932.24999999997	183777.2500000001	128061.74999999987	91848.45000000008	64422.575000000026	45610.12500000005	32238.92500000004
2.5523794824218765e8	2.5523794824218765e8	2.5523794824218765e8	3.729586230468755e7	1.1472638076171866e7	5.3571849804687565e6	3.0764088281250005e6	1.9361209374999988e6	1.2996592187500026e6	914288.4999999998	651843.0000000012	451447.8750000006	315016.2499999999	226218.0000000002	161043.2500000001	112115.25	79265.82500000013	55906.12499999999	39530.37500000002
3.240360185546874e8	3.240360185546874e8	3.240360185546874e8	4.499093681640627e7	1.3971846591796886e7	6.542631269531249e6	3.697470664062505e6	2.4137642968750037e6	1.6393006249999986e6	1.1092055312500012e6	787505.0000000009	550874.3749999998	384440.9999999999	276798.00000000006	193137.25	137691.50000000003	96652.72500000005	68572.29999999997	48355.97499999999
4.135142695312508e8	4.135142695312508e8	4.135142695312508e8	5.5344333203124985e7	1.7406364667968757e7	8.03433630859376e6	4.627545742187498e6	2.981947812500001e6	2.043880937500001e6	1.3818818750000016e6	956713.7500000005	666258.7500000002	477971.0000000003	338443.50000000023	242299.00000000015	168564.4999999998	118682.25000000009	83917.50000000003	59476.69999999995
5.402735820312504e8	5.402735820312504e8	5.402735820312504e8	7.12976105468749e7	2.115590185546878e7	1.001094828125002e7	5.657784101562505e6	3.608143906250002e6	2.4515585937500033e6	1.6707378125000028e6	1.1772618749999986e6	831353.8750000007	577261.4999999999	410664.7499999998	293562.5000000002	206797.5	145504.7500000001	103041.25000000004	72397.15000000011
6.791409648437486e8	6.791409648437486e8	6.791409648437486e8	8.961189824218766e7	2.6395673828125034e7	1.2225247656250004e7	7.070434453125003e6	4.458552578125007e6	2.98458140625e6	2.0653134374999984e6	1.455141874999999e6	1.0081357500000003e6	707592.2499999998	503275.0000000006	352735.50000000076	253663.25000000003	179276.00000000023	126426.75000000006	89020.47500000002
8.538631083984364e8	8.538631083984364e8	8.538631083984364e8	1.1005513759765622e8	3.262541015625005e7	1.513737576171877e7	8.697948515625e6	5.477077578124996e6	3.6734785937500005e6	2.5390306250000014e6	1.7644199999999993e6	1.243938750000002e6	879328.7499999992	632011.7500000001	437232.7499999998	308503.75000000035	218393.24999999994	154128.2500000001	109266.99999999984
1.0703487636718743e9	1.0703487636718743e9	1.0703487636718743e9	1.345552607421872e8	4.0166802050781325e7	1.8617405468749985e7	1.0655376054687511e7	6.722014843749995e6	4.4541265625000065e6	3.110040937500002e6	2.106901874999999e6	1.5287100000000005e6	1.089190000000001e6	746795.7499999999	536417.4999999998	377465.50000000023	267545.99999999965	189282.75000000012	133757.25000000012
1.385958710937502e9	1.385958710937502e9	1.385958710937502e9	1.6730882519531298e8	5.046456367187496e7	2.235420703124998e7	1.3074205468750013e7	8.213756640625016e6	5.567328593750009e6	3.868969375e6	2.670684375000004e6	1.8300125000000005e6	1.294335e6	925385.7500000014	654518.2499999991	463004.00000000035	328698.25000000076	231087.2500000003	164082.75000000012
1.7417712685546887e9	1.7417712685546887e9	1.7417712685546887e9	2.114976201171874e8	6.083544804687499e7	2.7707799609375034e7	1.5944008593750028e7	1.017304281250001e7	6.680169062500009e6	4.700323750000003e6	3.2322887500000014e6	2.3254137499999977e6	1.6054775000000014e6	1.1329825000000016e6	799669.7499999998	570313.5000000005	399676.75000000006	284937.4999999999	201105.25000000015
2.181988007812502e9	2.181988007812502e9	2.181988007812502e9	2.7280355957031256e8	7.478806806640625e7	3.482434960937492e7	1.967821445312503e7	1.246100953125001e7	8.523480156250007e6	5.661204062500003e6	3.963320624999997e6	2.7816487499999995e6	1.9846575000000035e6	1.3719825000000007e6	987592.5000000007	696714.9999999992	491041.2500000006	348182.00000000035	246662.25000000023
2.8630553027343826e9	2.8630553027343826e9	2.8630553027343826e9	3.196161660156252e8	9.65099711914064e7	4.184460917968747e7	2.341673007812502e7	1.481776015625002e7	1.018522703125e7	6.853761250000005e6	4.914810625000004e6	3.4967850000000065e6	2.4368700000000014e6	1.7204300000000012e6	1.205727500000002e6	852471.7499999999	601232.0000000006	428274.50000000047	300658.7500000002
3.609345498046887e9	3.609345498046887e9	3.609345498046887e9	4.095245273437505e8	1.1387708886718753e8	5.189333046875004e7	2.9711882421875086e7	1.8678245312500045e7	1.2383762500000002e7	8.519814062500013e6	5.952223125e6	4.0630750000000005e6	2.895257500000001e6	2.0314425000000002e6	1.459050000000002e6	1.0392250000000005e6	740117.5000000008	520873.4999999998	369585.99999999953
4.554207119140633e9	4.554207119140633e9	4.554207119140633e9	5.0944811621093696e8	1.435990123046875e8	6.342975136718757e7	3.683920156249998e7	2.3091926562499996e7	1.496764687500003e7	1.045204843750001e7	7.449116249999999e6	5.167233750000005e6	3.595220000000003e6	2.623017499999999e6	1.8141499999999986e6	1.2818600000000023e6	895238.5000000001	638837.5	452772.24999999965
5.9282057128906145e9	5.9282057128906145e9	5.9282057128906145e9	6.483529082031254e8	1.786760386718746e8	7.830400449218746e7	4.385064218750003e7	2.8835225781250067e7	1.9473546875000022e7	1.2623893749999998e7	9.074509375000011e6	6.527391250000005e6	4.502285000000001e6	3.162190000000002e6	2.2046874999999986e6	1.5579824999999988e6	1.1006725000000012e6	782246.7499999995	552906.2499999999
7.344628447265636e9	7.344628447265636e9	7.344628447265636e9	8.013253349609363e8	2.189554541015626e8	9.68819080078126e7	5.524808203125005e7	3.369961953125003e7	2.3105923437500056e7	1.5614778125000019e7	1.1094862500000024e7	7.654452500000002e6	5.348562500000007e6	3.9012100000000065e6	2.7111950000000023e6	1.9168875000000044e6	1.353957500000001e6	961916.0000000001	680628.2500000002
9.37525663085937e9	9.37525663085937e9	9.37525663085937e9	1.0226357421875011e9	2.724298242187497e8	1.1788286289062522e8	6.6288892968749955e7	4.236834531249998e7	2.7581985937500045e7	1.9560178124999993e7	1.3692818749999994e7	9.406336249999994e6	6.449795000000006e6	4.66950500000001e6	3.4471224999999963e6	2.329820000000004e6	1.6621549999999986e6	1.1760050000000002e6	830990.7500000006
1.2148517597656275e10	1.2148517597656275e10	1.2148517597656275e10	1.2676421572265618e9	3.372319462890623e8	1.4487174785156238e8	8.022813125000009e7	5.280726953124998e7	3.426535312500008e7	2.3353200000000007e7	1.645212500000002e7	1.155588750000001e7	8.19846500000001e6	5.773360000000001e6	4.0534700000000047e6	2.8769175e6	2.0520600000000037e6	1.4347850000000012e6	1.0128674999999994e6
1.5402006630859392e10	1.5402006630859392e10	1.5402006630859392e10	1.5466255136718764e9	4.1819886523437536e8	1.7954122460937503e8	1.00523283203125e8	6.315685312499993e7	4.191883437499999e7	2.8929706250000037e7	2.0424224999999978e7	1.36864125e7	9.780742500000017e6	7.076164999999994e6	4.934630000000004e6	3.517412499999996e6	2.4957925000000005e6	1.7575325000000042e6	1.2493349999999993e6