d	s	a	m_i
1	1	2	0
2	1	3	0
3	2	7	0	0
4	3	11	0	0	0
5	3	13	0	0	0
6	4	19	0	0	0	0
7	4	25	0	0	0	0
8	4	31	0	0	0	0
9	5	37	0	0	0	0	0
10	5	41	0	0	0	0	0
11	5	47	0	0	0	0	0
12	5	55	0	0	0	0	0
13	5	59	0	0	0	0	0
14	5	61	0	0	0	0	0
15	6	67	0	0	0	0	0	0
16	6	73	0	0	0	0	0	0
17	6	87	0	0	0	0	0	0
18	6	91	0	0	0	0	0	0
19	6	97	0	0	0	0	0	0
20	6	103	0	0	0	0	0	0
21	6	109	0	0	0	0	0	0
22	6	115	0	0	0	0	0	0
23	6	117	0	0	0	0	0	0
24	7	131	0	0	0	0	0	0	0
25	7	137	0	0	0	0	0	0	0
26	7	143	0	0	0	0	0	0	0
27	7	145	0	0	0	0	0	0	0
28	7	157	0	0	0	0	0	0	0
29	7	167	0	0	0	0	0	0	0
30	7	171	0	0	0	0	0	0	0
31	7	185	0	0	0	0	0	0	0
32	7	191	0	0	0	0	0	0	0
33	7	193	0	0	0	0	0	0	0
34	7	203	0	0	0	0	0	0	0
35	7	211	0	0	0	0	0	0	0
36	7	213	0	0	0	0	0	0	0
37	7	229	0	0	0	0	0	0	0
38	7	239	0	0	0	0	0	0	0
39	7	241	0	0	0	0	0	0	0
40	7	247	0	0	0	0	0	0	0
41	7	253	0	0	0	0	0	0	0
42	8	283	0	0	0	0	0	0	0	0
43	8	285	0	0	0	0	0	0	0	0
44	8	299	0	0	0	0	0	0	0	0
45	8	301	0	0	0	0	0	0	0	0
46	8	313	0	0	0	0	0	0	0	0
47	8	319	0	0	0	0	0	0	0	0
48	8	333	0	0	0	0	0	0	0	0
49	8	351	0	0	0	0	0	0	0	0
50	8	355	0	0	0	0	0	0	0	0
51	8	357	0	0	0	0	0	0	0	0
52	8	361	0	0	0	0	0	0	0	0
53	8	369	0	0	0	0	0	0	0	0
54	8	375	0	0	0	0	0	0	0	0
55	8	379	0	0	0	0	0	0	0	0
56	8	391	0	0	0	0	0	0	0	0
57	8	395	0	0	0	0	0	0	0	0
58	8	397	0	0	0	0	0	0	0	0
59	8	415	0	0	0	0	0	0	0	0
60	8	419	0	0	0	0	0	0	0	0
61	8	425	0	0	0	0	0	0	0	0
62	8	433	0	0	0	0	0	0	0	0
63	8	445	0	0	0	0	0	0	0	0
64	8	451	0	0	0	0	0	0	0	0
65	8	463	0	0	0	0	0	0	0	0
66	8	471	0	0	0	0	0	0	0	0
67	8	477	0	0	0	0	0	0	0	0
68	8	487	0	0	0	0	0	0	0	0
69	8	499	0	0	0	0	0	0	0	0
70	8	501	0	0	0	0	0	0	0	0
71	8	505	0	0	0	0	0	0	0	0
72	9	515	0	0	0	0	0	0	0	0	0
73	9	529	0	0	0	0	0	0	0	0	0
74	9	535	0	0	0	0	0	0	0	0	0
75	9	539	0	0	0	0	0	0	0	0	0
76	9	545	0	0	0	0	0	0	0	0	0
77	9	557	0	0	0	0	0	0	0	0	0
78	9	563	0	0	0	0	0	0	0	0	0
79	9	587	0	0	0	0	0	0	0	0	0
80	9	601	0	0	0	0	0	0	0	0	0
81	9	607	0	0	0	0	0	0	0	0	0
82	9	613	0	0	0	0	0	0	0	0	0
83	9	617	0	0	0	0	0	0	0	0	0
84	9	623	0	0	0	0	0	0	0	0	0
85	9	631	0	0	0	0	0	0	0	0	0
86	9	637	0	0	0	0	0	0	0	0	0
87	9	647	0	0	0	0	0	0	0	0	0
88	9	661	0	0	0	0	0	0	0	0	0
89	9	665	0	0	0	0	0	0	0	0	0
90	9	675	0	0	0	0	0	0	0	0	0
91	9	677	0	0	0	0	0	0	0	0	0
92	9	687	0	0	0	0	0	0	0	0	0
93	9	695	0	0	0	0	0	0	0	0	0
94	9	701	0	0	0	0	0	0	0	0	0
95	9	719	0	0	0	0	0	0	0	0	0
96	9	721	0	0	0	0	0	0	0	0	0
97	9	731	0	0	0	0	0	0	0	0	0
98	9	757	0	0	0	0	0	0	0	0	0
99	9	761	0	0	0	0	0	0	0	0	0
100	9	769	0	0	0	0	0	0	0	0	0
101	9	787	0	0	0	0	0	0	0	0	0
102	9	789	0	0	0	0	0	0	0	0	0
103	9	799	0	0	0	0	0	0	0	0	0
104	9	803	0	0	0	0	0	0	0	0	0
105	9	817	0	0	0	0	0	0	0	0	0
106	9	827	0	0	0	0	0	0	0	0	0
107	9	841	0	0	0	0	0	0	0	0	0
108	9	847	0	0	0	0	0	0	0	0	0
109	9	859	0	0	0	0	0	0	0	0	0
110	9	865	0	0	0	0	0	0	0	0	0
111	9	875	0	0	0	0	0	0	0	0	0
112	9	877	0	0	0	0	0	0	0	0	0
113	9	883	0	0	0	0	0	0	0	0	0
114	9	895	0	0	0	0	0	0	0	0	0
115	9	901	0	0	0	0	0	0	0	0	0
116	9	911	0	0	0	0	0	0	0	0	0
117	9	929	0	0	0	0	0	0	0	0	0
118	9	949	0	0	0	0	0	0	0	0	0
119	9	953	0	0	0	0	0	0	0	0	0
120	9	967	0	0	0	0	0	0	0	0	0
121	9	971	0	0	0	0	0	0	0	0	0
122	9	973	0	0	0	0	0	0	0	0	0
123	9	981	0	0	0	0	0	0	0	0	0
124	9	985	0	0	0	0	0	0	0	0	0
125	9	995	0	0	0	0	0	0	0	0	0
126	9	1001	0	0	0	0	0	0	0	0	0
127	9	1019	0	0	0	0	0	0	0	0	0
128	10	1033	0	0	0	0	0	0	0	0	0	0
129	10	1039	0	0	0	0	0	0	0	0	0	0
130	10	1051	0	0	0	0	0	0	0	0	0	0
131	10	1053	0	0	0	0	0	0	0	0	0	0
132	10	1063	0	0	0	0	0	0	0	0	0	0
133	10	1069	0	0	0	0	0	0	0	0	0	0
134	10	1077	0	0	0	0	0	0	0	0	0	0
135	10	1095	0	0	0	0	0	0	0	0	0	0
136	10	1107	0	0	0	0	0	0	0	0	0	0
137	10	1123	0	0	0	0	0	0	0	0	0	0
138	10	1125	0	0	0	0	0	0	0	0	0	0
139	10	1135	0	0	0	0	0	0	0	0	0	0
140	10	1153	0	0	0	0	0	0	0	0	0	0
141	10	1163	0	0	0	0	0	0	0	0	0	0
142	10	1177	0	0	0	0	0	0	0	0	0	0
143	10	1193	0	0	0	0	0	0	0	0	0	0
144	10	1199	0	0	0	0	0	0	0	0	0	0
145	10	1221	0	0	0	0	0	0	0	0	0	0
146	10	1225	0	0	0	0	0	0	0	0	0	0
147	10	1239	0	0	0	0	0	0	0	0	0	0
148	10	1255	0	0	0	0	0	0	0	0	0	0
149	10	1261	0	0	0	0	0	0	0	0	0	0
150	10	1267	0	0	0	0	0	0	0	0	0	0
151	10	1279	0	0	0	0	0	0	0	0	0	0
152	10	1291	0	0	0	0	0	0	0	0	0	0
153	10	1293	0	0	0	0	0	0	0	0	0	0
154	10	1305	0	0	0	0	0	0	0	0	0	0
155	10	1311	0	0	0	0	0	0	0	0	0	0
156	10	1315	0	0	0	0	0	0	0	0	0	0
157	10	1329	0	0	0	0	0	0	0	0	0	0
158	10	1341	0	0	0	0	0	0	0	0	0	0
159	10	1347	0	0	0	0	0	0	0	0	0	0
160	10	1367	0	0	0	0	0	0	0	0	0	0
161	10	1377	0	0	0	0	0	0	0	0	0	0
162	10	1383	0	0	0	0	0	0	0	0	0	0
163	10	1387	0	0	0	0	0	0	0	0	0	0
164	10	1413	0	0	0	0	0	0	0	0	0	0
165	10	1423	0	0	0	0	0	0	0	0	0	0
166	10	1431	0	0	0	0	0	0	0	0	0	0
167	10	1435	0	0	0	0	0	0	0	0	0	0
168	10	1441	0	0	0	0	0	0	0	0	0	0
169	10	1451	0	0	0	0	0	0	0	0	0	0
170	10	1465	0	0	0	0	0	0	0	0	0	0
171	10	1473	0	0	0	0	0	0	0	0	0	0
172	10	1479	0	0	0	0	0	0	0	0	0	0
173	10	1509	0	0	0	0	0	0	0	0	0	0
174	10	1527	0	0	0	0	0	0	0	0	0	0
175	10	1531	0	0	0	0	0	0	0	0	0	0
176	10	1555	0	0	0	0	0	0	0	0	0	0
177	10	1557	0	0	0	0	0	0	0	0	0	0
178	10	1571	0	0	0	0	0	0	0	0	0	0
179	10	1573	0	0	0	0	0	0	0	0	0	0
180	10	1585	0	0	0	0	0	0	0	0	0	0
181	10	1591	0	0	0	0	0	0	0	0	0	0
182	10	1603	0	0	0	0	0	0	0	0	0	0
183	10	1615	0	0	0	0	0	0	0	0	0	0
184	10	1617	0	0	0	0	0	0	0	0	0	0
185	10	1627	0	0	0	0	0	0	0	0	0	0
186	10	1657	0	0	0	0	0	0	0	0	0	0
187	10	1663	0	0	0	0	0	0	0	0	0	0
188	10	1669	0	0	0	0	0	0	0	0	0	0
189	10	1673	0	0	0	0	0	0	0	0	0	0
190	10	1703	0	0	0	0	0	0	0	0	0	0
191	10	1709	0	0	0	0	0	0	0	0	0	0
192	10	1717	0	0	0	0	0	0	0	0	0	0
193	10	1727	0	0	0	0	0	0	0	0	0	0
194	10	1729	0	0	0	0	0	0	0	0	0	0
195	10	1741	0	0	0	0	0	0	0	0	0	0
196	10	1747	0	0	0	0	0	0	0	0	0	0
197	10	1759	0	0	0	0	0	0	0	0	0	0
198	10	1783	0	0	0	0	0	0	0	0	0	0
199	10	1789	0	0	0	0	0	0	0	0	0	0
200	10	1807	0	0	0	0	0	0	0	0	0	0
201	10	1809	0	0	0	0	0	0	0	0	0	0
202	10	1815	0	0	0	0	0	0	0	0	0	0
203	10	1821	0	0	0	0	0	0	0	0	0	0
204	10	1825	0	0	0	0	0	0	0	0	0	0
205	10	1835	0	0	0	0	0	0	0	0	0	0
206	10	1845	0	0	0	0	0	0	0	0	0	0
207	10	1849	0	0	0	0	0	0	0	0	0	0
208	10	1863	0	0	0	0	0	0	0	0	0	0
209	10	1869	0	0	0	0	0	0	0	0	0	0
210	10	1877	0	0	0	0	0	0	0	0	0	0
211	10	1881	0	0	0	0	0	0	0	0	0	0
212	10	1891	0	0	0	0	0	0	0	0	0	0
213	10	1915	0	0	0	0	0	0	0	0	0	0
214	10	1917	0	0	0	0	0	0	0	0	0	0
215	10	1921	0	0	0	0	0	0	0	0	0	0
216	10	1927	0	0	0	0	0	0	0	0	0	0
217	10	1933	0	0	0	0	0	0	0	0	0	0
218	10	1939	0	0	0	0	0	0	0	0	0	0
219	10	1961	0	0	0	0	0	0	0	0	0	0
220	10	1969	0	0	0	0	0	0	0	0	0	0
221	10	1989	0	0	0	0	0	0	0	0	0	0
222	10	2011	0	0	0	0	0	0	0	0	0	0
223	10	2027	0	0	0	0	0	0	0	0	0	0
224	10	2035	0	0	0	0	0	0	0	0	0	0
225	10	2041	0	0	0	0	0	0	0	0	0	0
226	10	2047	0	0	0	0	0	0	0	0	0	0
