d	s	a	m_i
1	1	4	1
2	2	14	2	4
3	2	17	0	0
4	3	34	0	0	0
5	3	43	0	0	0
6	3	46	0	0	0
7	3	49	0	0	0
8	4	86	0	0	0	0
9	4	89	0	0	0	0
10	4	110	0	0	0	0
11	4	125	0	0	0	0
12	4	134	0	0	0	0
13	4	137	0	0	0	0
14	4	149	0	0	0	0
15	4	158	0	0	0	0
16	5	250	0	0	0	0	0
17	5	265	0	0	0	0	0
18	5	274	0	0	0	0	0
19	5	289	0	0	0	0	0
20	5	295	0	0	0	0	0
21	5	307	0	0	0	0	0
22	5	319	0	0	0	0	0
23	5	331	0	0	0	0	0
24	5	334	0	0	0	0	0
25	5	337	0	0	0	0	0
26	5	355	0	0	0	0	0
27	5	367	0	0	0	0	0
28	5	373	0	0	0	0	0
29	5	379	0	0	0	0	0
30	5	391	0	0	0	0	0
31	5	397	0	0	0	0	0
32	5	406	0	0	0	0	0
33	5	409	0	0	0	0	0
34	5	430	0	0	0	0	0
35	5	445	0	0	0	0	0
36	5	466	0	0	0	0	0
37	5	469	0	0	0	0	0
38	6	734	0	0	0	0	0	0
39	6	737	0	0	0	0	0	0
40	6	761	0	0	0	0	0	0
41	6	791	0	0	0	0	0	0
42	6	833	0	0	0	0	0	0
43	6	836	0	0	0	0	0	0
44	6	845	0	0	0	0	0	0
45	6	854	0	0	0	0	0	0
46	6	869	0	0	0	0	0	0
47	6	878	0	0	0	0	0	0
48	6	905	0	0	0	0	0	0
49	6	908	0	0	0	0	0	0
50	6	932	0	0	0	0	0	0
51	6	962	0	0	0	0	0	0
52	6	974	0	0	0	0	0	0
53	6	1001	0	0	0	0	0	0
54	6	1013	0	0	0	0	0	0
55	6	1022	0	0	0	0	0	0
56	6	1046	0	0	0	0	0	0
57	6	1070	0	0	0	0	0	0
58	6	1073	0	0	0	0	0	0
59	6	1085	0	0	0	0	0	0
60	6	1094	0	0	0	0	0	0
61	6	1106	0	0	0	0	0	0
62	6	1133	0	0	0	0	0	0
63	6	1145	0	0	0	0	0	0
64	6	1160	0	0	0	0	0	0
65	6	1166	0	0	0	0	0	0
66	6	1172	0	0	0	0	0	0
67	6	1184	0	0	0	0	0	0
68	6	1208	0	0	0	0	0	0
69	6	1217	0	0	0	0	0	0
70	6	1262	0	0	0	0	0	0
71	6	1271	0	0	0	0	0	0
72	6	1286	0	0	0	0	0	0
73	6	1295	0	0	0	0	0	0
74	6	1310	0	0	0	0	0	0
75	6	1316	0	0	0	0	0	0
76	6	1346	0	0	0	0	0	0
77	6	1358	0	0	0	0	0	0
78	6	1367	0	0	0	0	0	0
79	6	1373	0	0	0	0	0	0
80	6	1388	0	0	0	0	0	0
81	6	1400	0	0	0	0	0	0
82	6	1424	0	0	0	0	0	0
83	6	1439	0	0	0	0	0	0
84	6	1442	0	0	0	0	0	0
85	6	1457	0	0	0	0	0	0
86	7	2203	0	0	0	0	0	0	0
87	7	2206	0	0	0	0	0	0	0
88	7	2218	0	0	0	0	0	0	0
89	7	2227	0	0	0	0	0	0	0
90	7	2233	0	0	0	0	0	0	0
91	7	2263	0	0	0	0	0	0	0
92	7	2266	0	0	0	0	0	0	0
93	7	2305	0	0	0	0	0	0	0
94	7	2317	0	0	0	0	0	0	0
95	7	2323	0	0	0	0	0	0	0
96	7	2335	0	0	0	0	0	0	0
97	7	2365	0	0	0	0	0	0	0
98	7	2374	0	0	0	0	0	0	0
99	7	2377	0	0	0	0	0	0	0
100	7	2410	0	0	0	0	0	0	0
101	7	2413	0	0	0	0	0	0	0
102	7	2434	0	0	0	0	0	0	0
103	7	2449	0	0	0	0	0	0	0
104	7	2455	0	0	0	0	0	0	0
105	7	2467	0	0	0	0	0	0	0
106	7	2479	0	0	0	0	0	0	0
107	7	2503	0	0	0	0	0	0	0
108	7	2521	0	0	0	0	0	0	0
109	7	2533	0	0	0	0	0	0	0
110	7	2539	0	0	0	0	0	0	0
111	7	2554	0	0	0	0	0	0	0
112	7	2557	0	0	0	0	0	0	0
113	7	2572	0	0	0	0	0	0	0
114	7	2578	0	0	0	0	0	0	0
115	7	2599	0	0	0	0	0	0	0
116	7	2638	0	0	0	0	0	0	0
117	7	2647	0	0	0	0	0	0	0
118	7	2650	0	0	0	0	0	0	0
119	7	2671	0	0	0	0	0	0	0
120	7	2674	0	0	0	0	0	0	0
121	7	2683	0	0	0	0	0	0	0
122	7	2695	0	0	0	0	0	0	0
123	7	2707	0	0	0	0	0	0	0
124	7	2716	0	0	0	0	0	0	0
125	7	2731	0	0	0	0	0	0	0
126	7	2755	0	0	0	0	0	0	0
127	7	2770	0	0	0	0	0	0	0
128	7	2791	0	0	0	0	0	0	0
129	7	2794	0	0	0	0	0	0	0
130	7	2806	0	0	0	0	0	0	0
131	7	2812	0	0	0	0	0	0	0
132	7	2818	0	0	0	0	0	0	0
133	7	2845	0	0	0	0	0	0	0
134	7	2887	0	0	0	0	0	0	0
135	7	2896	0	0	0	0	0	0	0
136	7	2902	0	0	0	0	0	0	0
137	7	2911	0	0	0	0	0	0	0
138	7	2926	0	0	0	0	0	0	0
139	7	2965	0	0	0	0	0	0	0
140	7	2986	0	0	0	0	0	0	0
141	7	2998	0	0	0	0	0	0	0
142	7	3013	0	0	0	0	0	0	0
143	7	3022	0	0	0	0	0	0	0
144	7	3037	0	0	0	0	0	0	0
145	7	3085	0	0	0	0	0	0	0
146	7	3097	0	0	0	0	0	0	0
147	7	3118	0	0	0	0	0	0	0
148	7	3124	0	0	0	0	0	0	0
149	7	3142	0	0	0	0	0	0	0
150	7	3154	0	0	0	0	0	0	0
151	7	3157	0	0	0	0	0	0	0
152	7	3175	0	0	0	0	0	0	0
153	7	3199	0	0	0	0	0	0	0
154	7	3202	0	0	0	0	0	0	0
155	7	3226	0	0	0	0	0	0	0
156	7	3241	0	0	0	0	0	0	0
157	7	3253	0	0	0	0	0	0	0
158	7	3262	0	0	0	0	0	0	0
159	7	3271	0	0	0	0	0	0	0
160	7	3274	0	0	0	0	0	0	0
161	7	3286	0	0	0	0	0	0	0
162	7	3298	0	0	0	0	0	0	0
163	7	3319	0	0	0	0	0	0	0
164	7	3334	0	0	0	0	0	0	0
165	7	3346	0	0	0	0	0	0	0
166	7	3349	0	0	0	0	0	0	0
167	7	3358	0	0	0	0	0	0	0
168	7	3382	0	0	0	0	0	0	0
169	7	3394	0	0	0	0	0	0	0
170	7	3421	0	0	0	0	0	0	0
171	7	3436	0	0	0	0	0	0	0
172	7	3439	0	0	0	0	0	0	0
173	7	3442	0	0	0	0	0	0	0
174	7	3454	0	0	0	0	0	0	0
175	7	3472	0	0	0	0	0	0	0
176	7	3478	0	0	0	0	0	0	0
177	7	3487	0	0	0	0	0	0	0
178	7	3490	0	0	0	0	0	0	0
179	7	3493	0	0	0	0	0	0	0
180	7	3511	0	0	0	0	0	0	0
181	7	3535	0	0	0	0	0	0	0
182	7	3565	0	0	0	0	0	0	0
183	7	3586	0	0	0	0	0	0	0
184	7	3607	0	0	0	0	0	0	0
185	7	3622	0	0	0	0	0	0	0
186	7	3637	0	0	0	0	0	0	0
187	7	3643	0	0	0	0	0	0	0
188	7	3661	0	0	0	0	0	0	0
189	7	3679	0	0	0	0	0	0	0
190	7	3694	0	0	0	0	0	0	0
191	7	3703	0	0	0	0	0	0	0
192	7	3706	0	0	0	0	0	0	0
193	7	3709	0	0	0	0	0	0	0
194	7	3733	0	0	0	0	0	0	0
195	7	3742	0	0	0	0	0	0	0
196	7	3745	0	0	0	0	0	0	0
197	7	3748	0	0	0	0	0	0	0
198	7	3766	0	0	0	0	0	0	0
199	7	3778	0	0	0	0	0	0	0
200	7	3805	0	0	0	0	0	0	0
201	7	3814	0	0	0	0	0	0	0
202	7	3844	0	0	0	0	0	0	0
203	7	3862	0	0	0	0	0	0	0
204	7	3874	0	0	0	0	0	0	0
205	7	3880	0	0	0	0	0	0	0
206	7	3889	0	0	0	0	0	0	0
207	7	3895	0	0	0	0	0	0	0
208	7	3901	0	0	0	0	0	0	0
209	7	3919	0	0	0	0	0	0	0
210	7	3922	0	0	0	0	0	0	0
211	7	3934	0	0	0	0	0	0	0
212	7	3943	0	0	0	0	0	0	0
213	7	3958	0	0	0	0	0	0	0
214	7	3982	0	0	0	0	0	0	0
215	7	3988	0	0	0	0	0	0	0
216	7	3994	0	0	0	0	0	0	0
217	7	4006	0	0	0	0	0	0	0
218	7	4039	0	0	0	0	0	0	0
219	7	4045	0	0	0	0	0	0	0
220	7	4054	0	0	0	0	0	0	0
221	7	4066	0	0	0	0	0	0	0
222	7	4072	0	0	0	0	0	0	0
223	7	4093	0	0	0	0	0	0	0
224	7	4141	0	0	0	0	0	0	0
225	7	4162	0	0	0	0	0	0	0
226	7	4174	0	0	0	0	0	0	0
227	7	4186	0	0	0	0	0	0	0
228	7	4198	0	0	0	0	0	0	0
229	7	4234	0	0	0	0	0	0	0
230	7	4246	0	0	0	0	0	0	0
231	7	4258	0	0	0	0	0	0	0
232	7	4261	0	0	0	0	0	0	0
233	7	4285	0	0	0	0	0	0	0
234	7	4291	0	0	0	0	0	0	0
235	7	4294	0	0	0	0	0	0	0
236	7	4327	0	0	0	0	0	0	0
237	7	4333	0	0	0	0	0	0	0
238	7	4345	0	0	0	0	0	0	0
239	7	4351	0	0	0	0	0	0	0
240	7	4357	0	0	0	0	0	0	0
241	7	4369	0	0	0	0	0	0	0
242	8	6590	0	0	0	0	0	0	0	0
243	8	6617	0	0	0	0	0	0	0	0
244	8	6677	0	0	0	0	0	0	0	0
245	8	6686	0	0	0	0	0	0	0	0
246	8	6692	0	0	0	0	0	0	0	0
247	8	6701	0	0	0	0	0	0	0	0
248	8	6710	0	0	0	0	0	0	0	0
249	8	6722	0	0	0	0	0	0	0	0
250	8	6737	0	0	0	0	0	0	0	0
251	8	6740	0	0	0	0	0	0	0	0
252	8	6758	0	0	0	0	0	0	0	0
253	8	6782	0	0	0	0	0	0	0	0
254	8	6806	0	0	0	0	0	0	0	0
255	8	6821	0	0	0	0	0	0	0	0
256	8	6845	0	0	0	0	0	0	0	0
257	8	6866	0	0	0	0	0	0	0	0
258	8	6869	0	0	0	0	0	0	0	0
259	8	6905	0	0	0	0	0	0	0	0
260	8	6908	0	0	0	0	0	0	0	0
261	8	6950	0	0	0	0	0	0	0	0
262	8	6977	0	0	0	0	0	0	0	0
263	8	6980	0	0	0	0	0	0	0	0
264	8	6998	0	0	0	0	0	0	0	0
265	8	7004	0	0	0	0	0	0	0	0
266	8	7016	0	0	0	0	0	0	0	0
267	8	7049	0	0	0	0	0	0	0	0
268	8	7061	0	0	0	0	0	0	0	0
269	8	7079	0	0	0	0	0	0	0	0
270	8	7085	0	0	0	0	0	0	0	0
271	8	7118	0	0	0	0	0	0	0	0
272	8	7148	0	0	0	0	0	0	0	0
273	8	7154	0	0	0	0	0	0	0	0
274	8	7166	0	0	0	0	0	0	0	0
275	8	7220	0	0	0	0	0	0	0	0
276	8	7226	0	0	0	0	0	0	0	0
277	8	7271	0	0	0	0	0	0	0	0
278	8	7274	0	0	0	0	0	0	0	0
279	8	7289	0	0	0	0	0	0	0	0
280	8	7313	0	0	0	0	0	0	0	0
281	8	7316	0	0	0	0	0	0	0	0
282	8	7406	0	0	0	0	0	0	0	0
283	8	7430	0	0	0	0	0	0	0	0
284	8	7481	0	0	0	0	0	0	0	0
285	8	7496	0	0	0	0	0	0	0	0
286	8	7505	0	0	0	0	0	0	0	0
287	8	7508	0	0	0	0	0	0	0	0
288	8	7520	0	0	0	0	0	0	0	0
289	8	7529	0	0	0	0	0	0	0	0
290	8	7541	0	0	0	0	0	0	0	0
291	8	7550	0	0	0	0	0	0	0	0
292	8	7556	0	0	0	0	0	0	0	0
293	8	7586	0	0	0	0	0	0	0	0
294	8	7598	0	0	0	0	0	0	0	0
295	8	7652	0	0	0	0	0	0	0	0
296	8	7685	0	0	0	0	0	0	0	0
297	8	7688	0	0	0	0	0	0	0	0
298	8	7757	0	0	0	0	0	0	0	0
299	8	7769	0	0	0	0	0	0	0	0
300	8	7781	0	0	0	0	0	0	0	0
301	8	7790	0	0	0	0	0	0	0	0
302	8	7802	0	0	0	0	0	0	0	0
303	8	7814	0	0	0	0	0	0	0	0
304	8	7853	0	0	0	0	0	0	0	0
305	8	7898	0	0	0	0	0	0	0	0
306	8	7904	0	0	0	0	0	0	0	0
307	8	7922	0	0	0	0	0	0	0	0
308	8	7970	0	0	0	0	0	0	0	0
309	8	7985	0	0	0	0	0	0	0	0
310	8	8033	0	0	0	0	0	0	0	0
311	8	8036	0	0	0	0	0	0	0	0
312	8	8072	0	0	0	0	0	0	0	0
313	8	8096	0	0	0	0	0	0	0	0
314	8	8129	0	0	0	0	0	0	0	0
315	8	8132	0	0	0	0	0	0	0	0
316	8	8153	0	0	0	0	0	0	0	0
317	8	8156	0	0	0	0	0	0	0	0
318	8	8162	0	0	0	0	0	0	0	0
319	8	8177	0	0	0	0	0	0	0	0
320	8	8204	0	0	0	0	0	0	0	0
321	8	8207	0	0	0	0	0	0	0	0
322	8	8270	0	0	0	0	0	0	0	0
323	8	8276	0	0	0	0	0	0	0	0
324	8	8294	0	0	0	0	0	0	0	0
325	8	8312	0	0	0	0	0	0	0	0
326	8	8318	0	0	0	0	0	0	0	0
327	8	8336	0	0	0	0	0	0	0	0
328	8	8360	0	0	0	0	0	0	0	0
329	8	8372	0	0	0	0	0	0	0	0
330	8	8393	0	0	0	0	0	0	0	0
331	8	8471	0	0	0	0	0	0	0	0
332	8	8480	0	0	0	0	0	0	0	0
333	8	8501	0	0	0	0	0	0	0	0
334	8	8510	0	0	0	0	0	0	0	0
335	8	8522	0	0	0	0	0	0	0	0
336	8	8534	0	0	0	0	0	0	0	0
337	8	8552	0	0	0	0	0	0	0	0
338	8	8567	0	0	0	0	0	0	0	0
339	8	8585	0	0	0	0	0	0	0	0
340	8	8600	0	0	0	0	0	0	0	0
341	8	8642	0	0	0	0	0	0	0	0
342	8	8666	0	0	0	0	0	0	0	0
343	8	8696	0	0	0	0	0	0	0	0
344	8	8720	0	0	0	0	0	0	0	0
345	8	8741	0	0	0	0	0	0	0	0
346	8	8774	0	0	0	0	0	0	0	0
347	8	8789	0	0	0	0	0	0	0	0
348	8	8798	0	0	0	0	0	0	0	0
349	8	8810	0	0	0	0	0	0	0	0
350	8	8813	0	0	0	0	0	0	0	0
351	8	8822	0	0	0	0	0	0	0	0
352	8	8846	0	0	0	0	0	0	0	0
353	8	8852	0	0	0	0	0	0	0	0
354	8	8861	0	0	0	0	0	0	0	0
355	8	8906	0	0	0	0	0	0	0	0
356	8	8936	0	0	0	0	0	0	0	0
357	8	8981	0	0	0	0	0	0	0	0
358	8	8999	0	0	0	0	0	0	0	0
359	8	9005	0	0	0	0	0	0	0	0
360	8	9026	0	0	0	0	0	0	0	0
361	8	9029	0	0	0	0	0	0	0	0
362	8	9047	0	0	0	0	0	0	0	0
363	8	9062	0	0	0	0	0	0	0	0
364	8	9086	0	0	0	0	0	0	0	0
365	8	9101	0	0	0	0	0	0	0	0
366	8	9125	0	0	0	0	0	0	0	0
367	8	9146	0	0	0	0	0	0	0	0
368	8	9158	0	0	0	0	0	0	0	0
369	8	9164	0	0	0	0	0	0	0	0
370	8	9170	0	0	0	0	0	0	0	0
371	8	9194	0	0	0	0	0	0	0	0
372	8	9287	0	0	0	0	0	0	0	0
373	8	9296	0	0	0	0	0	0	0	0
374	8	9317	0	0	0	0	0	0	0	0
375	8	9338	0	0	0	0	0	0	0	0
376	8	9365	0	0	0	0	0	0	0	0
377	8	9374	0	0	0	0	0	0	0	0
378	8	9398	0	0	0	0	0	0	0	0
379	8	9416	0	0	0	0	0	0	0	0
380	8	9437	0	0	0	0	0	0	0	0
381	8	9455	0	0	0	0	0	0	0	0
382	8	9485	0	0	0	0	0	0	0	0
383	8	9497	0	0	0	0	0	0	0	0
384	8	9524	0	0	0	0	0	0	0	0
385	8	9566	0	0	0	0	0	0	0	0
386	8	9569	0	0	0	0	0	0	0	0
387	8	9572	0	0	0	0	0	0	0	0
388	8	9629	0	0	0	0	0	0	0	0
389	8	9644	0	0	0	0	0	0	0	0
390	8	9668	0	0	0	0	0	0	0	0
391	8	9698	0	0	0	0	0	0	0	0
392	8	9725	0	0	0	0	0	0	0	0
393	8	9734	0	0	0	0	0	0	0	0
394	8	9758	0	0	0	0	0	0	0	0
395	8	9791	0	0	0	0	0	0	0	0
396	8	9797	0	0	0	0	0	0	0	0
397	8	9830	0	0	0	0	0	0	0	0
398	8	9869	0	0	0	0	0	0	0	0
399	8	9881	0	0	0	0	0	0	0	0
400	8	9884	0	0	0	0	0	0	0	0
401	8	9920	0	0	0	0	0	0	0	0
402	8	9941	0	0	0	0	0	0	0	0
403	8	9962	0	0	0	0	0	0	0	0
404	8	9974	0	0	0	0	0	0	0	0
405	8	9998	0	0	0	0	0	0	0	0
406	8	10013	0	0	0	0	0	0	0	0
407	8	10037	0	0	0	0	0	0	0	0
408	8	10064	0	0	0	0	0	0	0	0
409	8	10082	0	0	0	0	0	0	0	0
410	8	10115	0	0	0	0	0	0	0	0
411	8	10130	0	0	0	0	0	0	0	0
412	8	10136	0	0	0	0	0	0	0	0
413	8	10169	0	0	0	0	0	0	0	0
414	8	10187	0	0	0	0	0	0	0	0
415	8	10217	0	0	0	0	0	0	0	0
416	8	10238	0	0	0	0	0	0	0	0
417	8	10244	0	0	0	0	0	0	0	0
418	8	10256	0	0	0	0	0	0	0	0
419	8	10262	0	0	0	0	0	0	0	0
420	8	10280	0	0	0	0	0	0	0	0
421	8	10289	0	0	0	0	0	0	0	0
422	8	10304	0	0	0	0	0	0	0	0
423	8	10316	0	0	0	0	0	0	0	0
424	8	10328	0	0	0	0	0	0	0	0
425	8	10349	0	0	0	0	0	0	0	0
426	8	10376	0	0	0	0	0	0	0	0
427	8	10385	0	0	0	0	0	0	0	0
428	8	10391	0	0	0	0	0	0	0	0
429	8	10400	0	0	0	0	0	0	0	0
430	8	10433	0	0	0	0	0	0	0	0
431	8	10454	0	0	0	0	0	0	0	0
432	8	10478	0	0	0	0	0	0	0	0
433	8	10493	0	0	0	0	0	0	0	0
434	8	10511	0	0	0	0	0	0	0	0
435	8	10517	0	0	0	0	0	0	0	0
436	8	10529	0	0	0	0	0	0	0	0
437	8	10538	0	0	0	0	0	0	0	0
438	8	10562	0	0	0	0	0	0	0	0
439	8	10589	0	0	0	0	0	0	0	0
440	8	10601	0	0	0	0	0	0	0	0
441	8	10625	0	0	0	0	0	0	0	0
442	8	10637	0	0	0	0	0	0	0	0
443	8	10664	0	0	0	0	0	0	0	0
444	8	10682	0	0	0	0	0	0	0	0
445	8	10685	0	0	0	0	0	0	0	0
446	8	10733	0	0	0	0	0	0	0	0
447	8	10763	0	0	0	0	0	0	0	0
448	8	10793	0	0	0	0	0	0	0	0
449	8	10826	0	0	0	0	0	0	0	0
450	8	10841	0	0	0	0	0	0	0	0
451	8	10856	0	0	0	0	0	0	0	0
452	8	10904	0	0	0	0	0	0	0	0
453	8	10922	0	0	0	0	0	0	0	0
454	8	10958	0	0	0	0	0	0	0	0
455	8	10967	0	0	0	0	0	0	0	0
456	8	10973	0	0	0	0	0	0	0	0
457	8	10982	0	0	0	0	0	0	0	0
458	8	11006	0	0	0	0	0	0	0	0
459	8	11015	0	0	0	0	0	0	0	0
460	8	11030	0	0	0	0	0	0	0	0
461	8	11042	0	0	0	0	0	0	0	0
462	8	11069	0	0	0	0	0	0	0	0
463	8	11078	0	0	0	0	0	0	0	0
464	8	11120	0	0	0	0	0	0	0	0
465	8	11138	0	0	0	0	0	0	0	0
466	8	11210	0	0	0	0	0	0	0	0
467	8	11255	0	0	0	0	0	0	0	0
468	8	11261	0	0	0	0	0	0	0	0
469	8	11285	0	0	0	0	0	0	0	0
470	8	11294	0	0	0	0	0	0	0	0
471	8	11339	0	0	0	0	0	0	0	0
472	8	11342	0	0	0	0	0	0	0	0
473	8	11360	0	0	0	0	0	0	0	0
474	8	11375	0	0	0	0	0	0	0	0
475	8	11411	0	0	0	0	0	0	0	0
476	8	11426	0	0	0	0	0	0	0	0
477	8	11438	0	0	0	0	0	0	0	0
478	8	11450	0	0	0	0	0	0	0	0
479	8	11462	0	0	0	0	0	0	0	0
480	8	11480	0	0	0	0	0	0	0	0
481	8	11486	0	0	0	0	0	0	0	0
482	8	11519	0	0	0	0	0	0	0	0
483	8	11549	0	0	0	0	0	0	0	0
484	8	11558	0	0	0	0	0	0	0	0
485	8	11579	0	0	0	0	0	0	0	0
486	8	11591	0	0	0	0	0	0	0	0
487	8	11594	0	0	0	0	0	0	0	0
488	8	11597	0	0	0	0	0	0	0	0
489	8	11654	0	0	0	0	0	0	0	0
490	8	11669	0	0	0	0	0	0	0	0
491	8	11684	0	0	0	0	0	0	0	0
492	8	11738	0	0	0	0	0	0	0	0
493	8	11750	0	0	0	0	0	0	0	0
494	8	11756	0	0	0	0	0	0	0	0
495	8	11762	0	0	0	0	0	0	0	0
496	8	11786	0	0	0	0	0	0	0	0
497	8	11834	0	0	0	0	0	0	0	0
498	8	11861	0	0	0	0	0	0	0	0
499	8	11882	0	0	0	0	0	0	0	0
500	8	11918	0	0	0	0	0	0	0	0
501	8	11954	0	0	0	0	0	0	0	0
502	8	11966	0	0	0	0	0	0	0	0
503	8	11987	0	0	0	0	0	0	0	0
504	8	12008	0	0	0	0	0	0	0	0
505	8	12029	0	0	0	0	0	0	0	0
506	8	12053	0	0	0	0	0	0	0	0
507	8	12077	0	0	0	0	0	0	0	0
508	8	12080	0	0	0	0	0	0	0	0
509	8	12101	0	0	0	0	0	0	0	0
510	8	12137	0	0	0	0	0	0	0	0
511	8	12158	0	0	0	0	0	0	0	0
512	8	12167	0	0	0	0	0	0	0	0
513	8	12191	0	0	0	0	0	0	0	0
514	8	12203	0	0	0	0	0	0	0	0
515	8	12215	0	0	0	0	0	0	0	0
516	8	12275	0	0	0	0	0	0	0	0
517	8	12281	0	0	0	0	0	0	0	0
518	8	12287	0	0	0	0	0	0	0	0
519	8	12314	0	0	0	0	0	0	0	0
520	8	12347	0	0	0	0	0	0	0	0
521	8	12362	0	0	0	0	0	0	0	0
522	8	12377	0	0	0	0	0	0	0	0
523	8	12404	0	0	0	0	0	0	0	0
524	8	12422	0	0	0	0	0	0	0	0
525	8	12440	0	0	0	0	0	0	0	0
526	8	12455	0	0	0	0	0	0	0	0
527	8	12458	0	0	0	0	0	0	0	0
528	8	12473	0	0	0	0	0	0	0	0
529	8	12476	0	0	0	0	0	0	0	0
530	8	12488	0	0	0	0	0	0	0	0
531	8	12506	0	0	0	0	0	0	0	0
532	8	12530	0	0	0	0	0	0	0	0
533	8	12545	0	0	0	0	0	0	0	0
534	8	12560	0	0	0	0	0	0	0	0
535	8	12569	0	0	0	0	0	0	0	0
536	8	12581	0	0	0	0	0	0	0	0
537	8	12593	0	0	0	0	0	0	0	0
538	8	12617	0	0	0	0	0	0	0	0
539	8	12677	0	0	0	0	0	0	0	0
540	8	12707	0	0	0	0	0	0	0	0
541	8	12737	0	0	0	0	0	0	0	0
542	8	12761	0	0	0	0	0	0	0	0
543	8	12794	0	0	0	0	0	0	0	0
544	8	12800	0	0	0	0	0	0	0	0
545	8	12842	0	0	0	0	0	0	0	0
546	8	12878	0	0	0	0	0	0	0	0
547	8	12887	0	0	0	0	0	0	0	0
548	8	12911	0	0	0	0	0	0	0	0
549	8	12923	0	0	0	0	0	0	0	0
550	8	12929	0	0	0	0	0	0	0	0
551	8	12935	0	0	0	0	0	0	0	0
552	8	12947	0	0	0	0	0	0	0	0
553	8	12965	0	0	0	0	0	0	0	0
554	8	12995	0	0	0	0	0	0	0	0
555	8	13001	0	0	0	0	0	0	0	0
556	8	13022	0	0	0	0	0	0	0	0
557	8	13058	0	0	0	0	0	0	0	0
558	8	13064	0	0	0	0	0	0	0	0
559	8	13082	0	0	0	0	0	0	0	0
560	8	13088	0	0	0	0	0	0	0	0
561	8	13118	0	0	0	0	0	0	0	0
