d	s	a	m_i
1	1	3	0
2	1	4	0
3	1	5	0
4	2	10	0	0
5	2	14	0	0
6	2	17	0	0
7	3	34	0	0	0
8	3	35	0	0	0
9	3	38	0	0	0
10	3	41	0	0	0
11	3	43	0	0	0
12	3	46	0	0	0
13	3	49	0	0	0
14	3	53	0	0	0
15	4	86	0	0	0	0
16	4	89	0	0	0	0
17	4	92	0	0	0	0
18	4	94	0	0	0	0
19	4	97	0	0	0	0
20	4	101	0	0	0	0
21	4	110	0	0	0	0
22	4	115	0	0	0	0
23	4	118	0	0	0	0
24	4	121	0	0	0	0
25	4	125	0	0	0	0
26	4	134	0	0	0	0
27	4	137	0	0	0	0
28	4	139	0	0	0	0
29	4	145	0	0	0	0
30	4	149	0	0	0	0
31	4	151	0	0	0	0
32	4	158	0	0	0	0
33	5	250	0	0	0	0	0
34	5	251	0	0	0	0	0
35	5	257	0	0	0	0	0
36	5	265	0	0	0	0	0
37	5	274	0	0	0	0	0
38	5	275	0	0	0	0	0
39	5	281	0	0	0	0	0
40	5	287	0	0	0	0	0
41	5	289	0	0	0	0	0
42	5	295	0	0	0	0	0
43	5	307	0	0	0	0	0
44	5	311	0	0	0	0	0
45	5	314	0	0	0	0	0
46	5	317	0	0	0	0	0
47	5	319	0	0	0	0	0
48	5	322	0	0	0	0	0
49	5	326	0	0	0	0	0
50	5	329	0	0	0	0	0
51	5	331	0	0	0	0	0
52	5	334	0	0	0	0	0
53	5	337	0	0	0	0	0
54	5	341	0	0	0	0	0
55	5	355	0	0	0	0	0
56	5	367	0	0	0	0	0
57	5	373	0	0	0	0	0
58	5	374	0	0	0	0	0
59	5	379	0	0	0	0	0
60	5	386	0	0	0	0	0
61	5	389	0	0	0	0	0
62	5	391	0	0	0	0	0
63	5	397	0	0	0	0	0
64	5	398	0	0	0	0	0
65	5	406	0	0	0	0	0
66	5	409	0	0	0	0	0
67	5	413	0	0	0	0	0
68	5	425	0	0	0	0	0
69	5	428	0	0	0	0	0
70	5	430	0	0	0	0	0
71	5	437	0	0	0	0	0
72	5	445	0	0	0	0	0
73	5	446	0	0	0	0	0
74	5	458	0	0	0	0	0
75	5	461	0	0	0	0	0
76	5	466	0	0	0	0	0
77	5	469	0	0	0	0	0
78	5	470	0	0	0	0	0
79	5	478	0	0	0	0	0
80	5	482	0	0	0	0	0
81	6	734	0	0	0	0	0	0
82	6	737	0	0	0	0	0	0
83	6	742	0	0	0	0	0	0
84	6	745	0	0	0	0	0	0
85	6	748	0	0	0	0	0	0
86	6	761	0	0	0	0	0	0
87	6	763	0	0	0	0	0	0
88	6	766	0	0	0	0	0	0
89	6	773	0	0	0	0	0	0
90	6	781	0	0	0	0	0	0
91	6	787	0	0	0	0	0	0
92	6	791	0	0	0	0	0	0
93	6	793	0	0	0	0	0	0
94	6	797	0	0	0	0	0	0
95	6	805	0	0	0	0	0	0
96	6	829	0	0	0	0	0	0
97	6	833	0	0	0	0	0	0
98	6	836	0	0	0	0	0	0
99	6	838	0	0	0	0	0	0
100	6	841	0	0	0	0	0	0
101	6	845	0	0	0	0	0	0
102	6	854	0	0	0	0	0	0
103	6	865	0	0	0	0	0	0
104	6	869	0	0	0	0	0	0
105	6	871	0	0	0	0	0	0
106	6	878	0	0	0	0	0	0
107	6	892	0	0	0	0	0	0
108	6	901	0	0	0	0	0	0
109	6	905	0	0	0	0	0	0
110	6	908	0	0	0	0	0	0
111	6	925	0	0	0	0	0	0
112	6	929	0	0	0	0	0	0
113	6	932	0	0	0	0	0	0
114	6	934	0	0	0	0	0	0
115	6	949	0	0	0	0	0	0
116	6	956	0	0	0	0	0	0
117	6	958	0	0	0	0	0	0
118	6	962	0	0	0	0	0	0
119	6	974	0	0	0	0	0	0
120	6	977	0	0	0	0	0	0
121	6	985	0	0	0	0	0	0
122	6	1001	0	0	0	0	0	0
123	6	1003	0	0	0	0	0	0
124	6	1009	0	0	0	0	0	0
125	6	1013	0	0	0	0	0	0
126	6	1022	0	0	0	0	0	0
127	6	1027	0	0	0	0	0	0
128	6	1039	0	0	0	0	0	0
129	6	1042	0	0	0	0	0	0
130	6	1045	0	0	0	0	0	0
131	6	1046	0	0	0	0	0	0
132	6	1054	0	0	0	0	0	0
133	6	1057	0	0	0	0	0	0
134	6	1070	0	0	0	0	0	0
135	6	1073	0	0	0	0	0	0
136	6	1078	0	0	0	0	0	0
137	6	1085	0	0	0	0	0	0
138	6	1087	0	0	0	0	0	0
139	6	1093	0	0	0	0	0	0
140	6	1094	0	0	0	0	0	0
141	6	1106	0	0	0	0	0	0
142	6	1111	0	0	0	0	0	0
143	6	1126	0	0	0	0	0	0
144	6	1133	0	0	0	0	0	0
145	6	1145	0	0	0	0	0	0
146	6	1150	0	0	0	0	0	0
147	6	1160	0	0	0	0	0	0
148	6	1166	0	0	0	0	0	0
149	6	1172	0	0	0	0	0	0
150	6	1178	0	0	0	0	0	0
151	6	1184	0	0	0	0	0	0
152	6	1186	0	0	0	0	0	0
153	6	1189	0	0	0	0	0	0
154	6	1190	0	0	0	0	0	0
155	6	1205	0	0	0	0	0	0
156	6	1208	0	0	0	0	0	0
157	6	1213	0	0	0	0	0	0
158	6	1217	0	0	0	0	0	0
159	6	1223	0	0	0	0	0	0
160	6	1231	0	0	0	0	0	0
161	6	1243	0	0	0	0	0	0
162	6	1255	0	0	0	0	0	0
163	6	1258	0	0	0	0	0	0
164	6	1261	0	0	0	0	0	0
165	6	1262	0	0	0	0	0	0
166	6	1271	0	0	0	0	0	0
167	6	1276	0	0	0	0	0	0
168	6	1279	0	0	0	0	0	0
169	6	1286	0	0	0	0	0	0
170	6	1295	0	0	0	0	0	0
171	6	1297	0	0	0	0	0	0
172	6	1303	0	0	0	0	0	0
173	6	1310	0	0	0	0	0	0
174	6	1316	0	0	0	0	0	0
175	6	1318	0	0	0	0	0	0
176	6	1330	0	0	0	0	0	0
177	6	1342	0	0	0	0	0	0
178	6	1346	0	0	0	0	0	0
179	6	1354	0	0	0	0	0	0
180	6	1358	0	0	0	0	0	0
181	6	1366	0	0	0	0	0	0
182	6	1367	0	0	0	0	0	0
183	6	1373	0	0	0	0	0	0
184	6	1388	0	0	0	0	0	0
185	6	1390	0	0	0	0	0	0
186	6	1400	0	0	0	0	0	0
187	6	1405	0	0	0	0	0	0
188	6	1406	0	0	0	0	0	0
189	6	1418	0	0	0	0	0	0
190	6	1424	0	0	0	0	0	0
191	6	1426	0	0	0	0	0	0
192	6	1439	0	0	0	0	0	0
193	6	1442	0	0	0	0	0	0
194	6	1445	0	0	0	0	0	0
195	6	1453	0	0	0	0	0	0
196	6	1457	0	0	0	0	0	0
197	7	2198	0	0	0	0	0	0	0
198	7	2203	0	0	0	0	0	0	0
199	7	2206	0	0	0	0	0	0	0
200	7	2213	0	0	0	0	0	0	0
201	7	2218	0	0	0	0	0	0	0
202	7	2219	0	0	0	0	0	0	0
203	7	2225	0	0	0	0	0	0	0
204	7	2227	0	0	0	0	0	0	0
205	7	2233	0	0	0	0	0	0	0
206	7	2237	0	0	0	0	0	0	0
207	7	2255	0	0	0	0	0	0	0
208	7	2258	0	0	0	0	0	0	0
209	7	2263	0	0	0	0	0	0	0
210	7	2266	0	0	0	0	0	0	0
211	7	2285	0	0	0	0	0	0	0
212	7	2294	0	0	0	0	0	0	0
213	7	2297	0	0	0	0	0	0	0
214	7	2305	0	0	0	0	0	0	0
215	7	2317	0	0	0	0	0	0	0
216	7	2323	0	0	0	0	0	0	0
217	7	2330	0	0	0	0	0	0	0
218	7	2335	0	0	0	0	0	0	0
219	7	2342	0	0	0	0	0	0	0
220	7	2365	0	0	0	0	0	0	0
221	7	2374	0	0	0	0	0	0	0
222	7	2377	0	0	0	0	0	0	0
223	7	2390	0	0	0	0	0	0	0
224	7	2396	0	0	0	0	0	0	0
225	7	2405	0	0	0	0	0	0	0
226	7	2410	0	0	0	0	0	0	0
227	7	2413	0	0	0	0	0	0	0
228	7	2426	0	0	0	0	0	0	0
229	7	2434	0	0	0	0	0	0	0
230	7	2435	0	0	0	0	0	0	0
231	7	2441	0	0	0	0	0	0	0
232	7	2447	0	0	0	0	0	0	0
233	7	2449	0	0	0	0	0	0	0
234	7	2455	0	0	0	0	0	0	0
235	7	2467	0	0	0	0	0	0	0
236	7	2471	0	0	0	0	0	0	0
237	7	2477	0	0	0	0	0	0	0
238	7	2479	0	0	0	0	0	0	0
239	7	2495	0	0	0	0	0	0	0
240	7	2503	0	0	0	0	0	0	0
241	7	2519	0	0	0	0	0	0	0
242	7	2521	0	0	0	0	0	0	0
243	7	2533	0	0	0	0	0	0	0
244	7	2539	0	0	0	0	0	0	0
245	7	2549	0	0	0	0	0	0	0
246	7	2554	0	0	0	0	0	0	0
247	7	2557	0	0	0	0	0	0	0
248	7	2567	0	0	0	0	0	0	0
249	7	2570	0	0	0	0	0	0	0
250	7	2572	0	0	0	0	0	0	0
251	7	2578	0	0	0	0	0	0	0
252	7	2582	0	0	0	0	0	0	0
253	7	2599	0	0	0	0	0	0	0
254	7	2606	0	0	0	0	0	0	0
255	7	2612	0	0	0	0	0	0	0
256	7	2621	0	0	0	0	0	0	0
257	7	2630	0	0	0	0	0	0	0
258	7	2638	0	0	0	0	0	0	0
259	7	2645	0	0	0	0	0	0	0
260	7	2647	0	0	0	0	0	0	0
261	7	2650	0	0	0	0	0	0	0
262	7	2654	0	0	0	0	0	0	0
263	7	2669	0	0	0	0	0	0	0
264	7	2671	0	0	0	0	0	0	0
265	7	2674	0	0	0	0	0	0	0
266	7	2675	0	0	0	0	0	0	0
267	7	2683	0	0	0	0	0	0	0
268	7	2687	0	0	0	0	0	0	0
269	7	2693	0	0	0	0	0	0	0
270	7	2695	0	0	0	0	0	0	0
271	7	2707	0	0	0	0	0	0	0
272	7	2708	0	0	0	0	0	0	0
273	7	2716	0	0	0	0	0	0	0
274	7	2726	0	0	0	0	0	0	0
275	7	2731	0	0	0	0	0	0	0
276	7	2732	0	0	0	0	0	0	0
277	7	2755	0	0	0	0	0	0	0
278	7	2770	0	0	0	0	0	0	0
279	7	2774	0	0	0	0	0	0	0
280	7	2791	0	0	0	0	0	0	0
281	7	2794	0	0	0	0	0	0	0
282	7	2798	0	0	0	0	0	0	0
283	7	2806	0	0	0	0	0	0	0
284	7	2812	0	0	0	0	0	0	0
285	7	2816	0	0	0	0	0	0	0
286	7	2818	0	0	0	0	0	0	0
287	7	2822	0	0	0	0	0	0	0
288	7	2831	0	0	0	0	0	0	0
289	7	2837	0	0	0	0	0	0	0
290	7	2845	0	0	0	0	0	0	0
291	7	2861	0	0	0	0	0	0	0
292	7	2879	0	0	0	0	0	0	0
293	7	2882	0	0	0	0	0	0	0
294	7	2885	0	0	0	0	0	0	0
295	7	2887	0	0	0	0	0	0	0
296	7	2894	0	0	0	0	0	0	0
297	7	2896	0	0	0	0	0	0	0
298	7	2902	0	0	0	0	0	0	0
299	7	2909	0	0	0	0	0	0	0
300	7	2911	0	0	0	0	0	0	0
301	7	2926	0	0	0	0	0	0	0
302	7	2942	0	0	0	0	0	0	0
303	7	2951	0	0	0	0	0	0	0
304	7	2957	0	0	0	0	0	0	0
305	7	2965	0	0	0	0	0	0	0
306	7	2975	0	0	0	0	0	0	0
307	7	2978	0	0	0	0	0	0	0
308	7	2986	0	0	0	0	0	0	0
309	7	2990	0	0	0	0	0	0	0
310	7	2998	0	0	0	0	0	0	0
311	7	3005	0	0	0	0	0	0	0
312	7	3013	0	0	0	0	0	0	0
313	7	3022	0	0	0	0	0	0	0
314	7	3037	0	0	0	0	0	0	0
315	7	3044	0	0	0	0	0	0	0
316	7	3053	0	0	0	0	0	0	0
317	7	3062	0	0	0	0	0	0	0
318	7	3074	0	0	0	0	0	0	0
319	7	3085	0	0	0	0	0	0	0
320	7	3086	0	0	0	0	0	0	0
321	7	3089	0	0	0	0	0	0	0
322	7	3092	0	0	0	0	0	0	0
323	7	3097	0	0	0	0	0	0	0
324	7	3104	0	0	0	0	0	0	0
325	7	3118	0	0	0	0	0	0	0
326	7	3122	0	0	0	0	0	0	0
327	7	3124	0	0	0	0	0	0	0
328	7	3128	0	0	0	0	0	0	0
329	7	3142	0	0	0	0	0	0	0
330	7	3149	0	0	0	0	0	0	0
331	7	3154	0	0	0	0	0	0	0
332	7	3157	0	0	0	0	0	0	0
333	7	3161	0	0	0	0	0	0	0
334	7	3167	0	0	0	0	0	0	0
335	7	3175	0	0	0	0	0	0	0
336	7	3182	0	0	0	0	0	0	0
337	7	3191	0	0	0	0	0	0	0
338	7	3194	0	0	0	0	0	0	0
339	7	3197	0	0	0	0	0	0	0
340	7	3199	0	0	0	0	0	0	0
341	7	3202	0	0	0	0	0	0	0
342	7	3215	0	0	0	0	0	0	0
343	7	3226	0	0	0	0	0	0	0
344	7	3239	0	0	0	0	0	0	0
345	7	3241	0	0	0	0	0	0	0
346	7	3245	0	0	0	0	0	0	0
347	7	3253	0	0	0	0	0	0	0
348	7	3254	0	0	0	0	0	0	0
349	7	3262	0	0	0	0	0	0	0
350	7	3266	0	0	0	0	0	0	0
351	7	3271	0	0	0	0	0	0	0
352	7	3274	0	0	0	0	0	0	0
353	7	3286	0	0	0	0	0	0	0
354	7	3293	0	0	0	0	0	0	0
355	7	3298	0	0	0	0	0	0	0
356	7	3319	0	0	0	0	0	0	0
357	7	3332	0	0	0	0	0	0	0
358	7	3334	0	0	0	0	0	0	0
359	7	3338	0	0	0	0	0	0	0
360	7	3344	0	0	0	0	0	0	0
361	7	3346	0	0	0	0	0	0	0
362	7	3349	0	0	0	0	0	0	0
363	7	3358	0	0	0	0	0	0	0
364	7	3368	0	0	0	0	0	0	0
365	7	3382	0	0	0	0	0	0	0
366	7	3389	0	0	0	0	0	0	0
367	7	3394	0	0	0	0	0	0	0
368	7	3401	0	0	0	0	0	0	0
369	7	3421	0	0	0	0	0	0	0
370	7	3422	0	0	0	0	0	0	0
371	7	3434	0	0	0	0	0	0	0
372	7	3436	0	0	0	0	0	0	0
373	7	3439	0	0	0	0	0	0	0
374	7	3442	0	0	0	0	0	0	0
375	7	3454	0	0	0	0	0	0	0
376	7	3455	0	0	0	0	0	0	0
377	7	3458	0	0	0	0	0	0	0
378	7	3472	0	0	0	0	0	0	0
379	7	3478	0	0	0	0	0	0	0
380	7	3479	0	0	0	0	0	0	0
381	7	3485	0	0	0	0	0	0	0
382	7	3487	0	0	0	0	0	0	0
383	7	3490	0	0	0	0	0	0	0
384	7	3493	0	0	0	0	0	0	0
385	7	3511	0	0	0	0	0	0	0
386	7	3518	0	0	0	0	0	0	0
387	7	3527	0	0	0	0	0	0	0
388	7	3533	0	0	0	0	0	0	0
389	7	3535	0	0	0	0	0	0	0
390	7	3542	0	0	0	0	0	0	0
391	7	3551	0	0	0	0	0	0	0
392	7	3557	0	0	0	0	0	0	0
393	7	3565	0	0	0	0	0	0	0
394	7	3578	0	0	0	0	0	0	0
395	7	3586	0	0	0	0	0	0	0
396	7	3599	0	0	0	0	0	0	0
397	7	3602	0	0	0	0	0	0	0
398	7	3605	0	0	0	0	0	0	0
399	7	3607	0	0	0	0	0	0	0
400	7	3622	0	0	0	0	0	0	0
401	7	3629	0	0	0	0	0	0	0
402	7	3635	0	0	0	0	0	0	0
403	7	3637	0	0	0	0	0	0	0
404	7	3643	0	0	0	0	0	0	0
405	7	3661	0	0	0	0	0	0	0
406	7	3665	0	0	0	0	0	0	0
407	7	3679	0	0	0	0	0	0	0
408	7	3686	0	0	0	0	0	0	0
409	7	3694	0	0	0	0	0	0	0
410	7	3703	0	0	0	0	0	0	0
411	7	3706	0	0	0	0	0	0	0
412	7	3709	0	0	0	0	0	0	0
413	7	3725	0	0	0	0	0	0	0
414	7	3733	0	0	0	0	0	0	0
415	7	3734	0	0	0	0	0	0	0
416	7	3737	0	0	0	0	0	0	0
417	7	3742	0	0	0	0	0	0	0
418	7	3745	0	0	0	0	0	0	0
419	7	3748	0	0	0	0	0	0	0
420	7	3764	0	0	0	0	0	0	0
421	7	3766	0	0	0	0	0	0	0
422	7	3776	0	0	0	0	0	0	0
423	7	3778	0	0	0	0	0	0	0
424	7	3794	0	0	0	0	0	0	0
425	7	3797	0	0	0	0	0	0	0
426	7	3800	0	0	0	0	0	0	0
427	7	3805	0	0	0	0	0	0	0
428	7	3809	0	0	0	0	0	0	0
429	7	3814	0	0	0	0	0	0	0
430	7	3824	0	0	0	0	0	0	0
431	7	3833	0	0	0	0	0	0	0
432	7	3844	0	0	0	0	0	0	0
433	7	3857	0	0	0	0	0	0	0
434	7	3862	0	0	0	0	0	0	0
435	7	3874	0	0	0	0	0	0	0
436	7	3880	0	0	0	0	0	0	0
437	7	3889	0	0	0	0	0	0	0
438	7	3895	0	0	0	0	0	0	0
439	7	3901	0	0	0	0	0	0	0
440	7	3914	0	0	0	0	0	0	0
441	7	3919	0	0	0	0	0	0	0
442	7	3922	0	0	0	0	0	0	0
443	7	3934	0	0	0	0	0	0	0
444	7	3938	0	0	0	0	0	0	0
445	7	3941	0	0	0	0	0	0	0
446	7	3943	0	0	0	0	0	0	0
447	7	3958	0	0	0	0	0	0	0
448	7	3965	0	0	0	0	0	0	0
449	7	3982	0	0	0	0	0	0	0
450	7	3986	0	0	0	0	0	0	0
451	7	3988	0	0	0	0	0	0	0
452	7	3992	0	0	0	0	0	0	0
453	7	3994	0	0	0	0	0	0	0
454	7	3998	0	0	0	0	0	0	0
455	7	4006	0	0	0	0	0	0	0
456	7	4016	0	0	0	0	0	0	0
457	7	4031	0	0	0	0	0	0	0
458	7	4034	0	0	0	0	0	0	0
459	7	4039	0	0	0	0	0	0	0
460	7	4045	0	0	0	0	0	0	0
461	7	4052	0	0	0	0	0	0	0
462	7	4054	0	0	0	0	0	0	0
463	7	4064	0	0	0	0	0	0	0
464	7	4066	0	0	0	0	0	0	0
465	7	4072	0	0	0	0	0	0	0
466	7	4073	0	0	0	0	0	0	0
467	7	4082	0	0	0	0	0	0	0
468	7	4085	0	0	0	0	0	0	0
469	7	4088	0	0	0	0	0	0	0
470	7	4093	0	0	0	0	0	0	0
471	7	4109	0	0	0	0	0	0	0
472	7	4121	0	0	0	0	0	0	0
473	7	4141	0	0	0	0	0	0	0
474	7	4142	0	0	0	0	0	0	0
475	7	4162	0	0	0	0	0	0	0
476	7	4166	0	0	0	0	0	0	0
477	7	4174	0	0	0	0	0	0	0
478	7	4175	0	0	0	0	0	0	0
479	7	4178	0	0	0	0	0	0	0
480	7	4181	0	0	0	0	0	0	0
481	7	4186	0	0	0	0	0	0	0
482	7	4198	0	0	0	0	0	0	0
483	7	4199	0	0	0	0	0	0	0
484	7	4211	0	0	0	0	0	0	0
485	7	4214	0	0	0	0	0	0	0
486	7	4226	0	0	0	0	0	0	0
487	7	4234	0	0	0	0	0	0	0
488	7	4246	0	0	0	0	0	0	0
489	7	4258	0	0	0	0	0	0	0
490	7	4261	0	0	0	0	0	0	0
491	7	4265	0	0	0	0	0	0	0
492	7	4271	0	0	0	0	0	0	0
493	7	4277	0	0	0	0	0	0	0
494	7	4283	0	0	0	0	0	0	0
495	7	4285	0	0	0	0	0	0	0
496	7	4291	0	0	0	0	0	0	0
497	7	4294	0	0	0	0	0	0	0
498	7	4298	0	0	0	0	0	0	0
499	7	4301	0	0	0	0	0	0	0
500	7	4313	0	0	0	0	0	0	0
501	7	4322	0	0	0	0	0	0	0
502	7	4327	0	0	0	0	0	0	0
503	7	4333	0	0	0	0	0	0	0
504	7	4337	0	0	0	0	0	0	0
505	7	4345	0	0	0	0	0	0	0
506	7	4351	0	0	0	0	0	0	0
507	7	4357	0	0	0	0	0	0	0
508	7	4369	0	0	0	0	0	0	0
