d	s	a	m_i
1	1	5	1
2	1	6	2
3	1	7	2
4	1	8	2
5	1	9	4
6	2	27	0	0
7	2	28	0	0
8	2	31	0	0
9	2	32	0	0
10	2	38	0	0
11	2	39	0	0
12	2	43	0	0
13	2	44	0	0
14	2	46	0	0
15	2	47	0	0
16	3	131	0	0	0
17	3	134	0	0	0
18	3	136	0	0	0
19	3	139	0	0	0
20	3	142	0	0	0
21	3	143	0	0	0
22	3	147	0	0	0
23	3	148	0	0	0
24	3	151	0	0	0
25	3	152	0	0	0
26	3	158	0	0	0
27	3	159	0	0	0
28	3	166	0	0	0
29	3	169	0	0	0
30	3	171	0	0	0
31	3	173	0	0	0
32	3	176	0	0	0
33	3	178	0	0	0
34	3	183	0	0	0
35	3	184	0	0	0
36	3	187	0	0	0
37	3	188	0	0	0
38	3	197	0	0	0
39	3	199	0	0	0
40	3	202	0	0	0
41	3	204	0	0	0
42	3	206	0	0	0
43	3	207	0	0	0
44	3	212	0	0	0
45	3	213	0	0	0
46	3	221	0	0	0
47	3	223	0	0	0
48	3	228	0	0	0
49	3	229	0	0	0
50	3	231	0	0	0
51	3	232	0	0	0
52	3	241	0	0	0
53	3	244	0	0	0
54	3	247	0	0	0
55	3	249	0	0	0
56	4	627	0	0	0	0
57	4	628	0	0	0	0
58	4	634	0	0	0	0
59	4	639	0	0	0	0
60	4	644	0	0	0	0
61	4	649	0	0	0	0
62	4	652	0	0	0	0
63	4	656	0	0	0	0
64	4	662	0	0	0	0
65	4	663	0	0	0	0
66	4	667	0	0	0	0
67	4	668	0	0	0	0
68	4	671	0	0	0	0
69	4	678	0	0	0	0
70	4	686	0	0	0	0
71	4	688	0	0	0	0
72	4	691	0	0	0	0
73	4	693	0	0	0	0
74	4	703	0	0	0	0
75	4	706	0	0	0	0
76	4	708	0	0	0	0
77	4	721	0	0	0	0
78	4	723	0	0	0	0
79	4	727	0	0	0	0
80	4	732	0	0	0	0
81	4	733	0	0	0	0
82	4	736	0	0	0	0
83	4	741	0	0	0	0
84	4	747	0	0	0	0
85	4	748	0	0	0	0
86	4	754	0	0	0	0
87	4	758	0	0	0	0
88	4	763	0	0	0	0
89	4	764	0	0	0	0
90	4	767	0	0	0	0
91	4	771	0	0	0	0
92	4	772	0	0	0	0
93	4	776	0	0	0	0
94	4	783	0	0	0	0
95	4	784	0	0	0	0
96	4	789	0	0	0	0
97	4	793	0	0	0	0
98	4	797	0	0	0	0
99	4	802	0	0	0	0
100	4	807	0	0	0	0
101	4	808	0	0	0	0
102	4	811	0	0	0	0
103	4	812	0	0	0	0
104	4	819	0	0	0	0
105	4	824	0	0	0	0
106	4	826	0	0	0	0
107	4	828	0	0	0	0
108	4	836	0	0	0	0
109	4	847	0	0	0	0
110	4	849	0	0	0	0
111	4	852	0	0	0	0
112	4	856	0	0	0	0
113	4	859	0	0	0	0
114	4	871	0	0	0	0
115	4	873	0	0	0	0
116	4	879	0	0	0	0
117	4	883	0	0	0	0
118	4	884	0	0	0	0
119	4	886	0	0	0	0
120	4	887	0	0	0	0
121	4	893	0	0	0	0
122	4	897	0	0	0	0
123	4	902	0	0	0	0
124	4	911	0	0	0	0
125	4	913	0	0	0	0
126	4	916	0	0	0	0
127	4	919	0	0	0	0
128	4	926	0	0	0	0
129	4	928	0	0	0	0
130	4	931	0	0	0	0
131	4	937	0	0	0	0
132	4	939	0	0	0	0
133	4	952	0	0	0	0
134	4	956	0	0	0	0
135	4	957	0	0	0	0
136	4	964	0	0	0	0
137	4	967	0	0	0	0
138	4	968	0	0	0	0
139	4	974	0	0	0	0
140	4	976	0	0	0	0
141	4	984	0	0	0	0
142	4	987	0	0	0	0
143	4	993	0	0	0	0
144	4	994	0	0	0	0
145	4	998	0	0	0	0
146	4	1004	0	0	0	0
147	4	1007	0	0	0	0
148	4	1013	0	0	0	0
149	4	1016	0	0	0	0
150	4	1017	0	0	0	0
151	4	1023	0	0	0	0
152	4	1024	0	0	0	0
153	4	1027	0	0	0	0
154	4	1036	0	0	0	0
155	4	1039	0	0	0	0
156	4	1041	0	0	0	0
157	4	1043	0	0	0	0
158	4	1051	0	0	0	0
159	4	1053	0	0	0	0
160	4	1067	0	0	0	0
161	4	1069	0	0	0	0
162	4	1071	0	0	0	0
163	4	1077	0	0	0	0
164	4	1084	0	0	0	0
165	4	1087	0	0	0	0
166	4	1088	0	0	0	0
167	4	1094	0	0	0	0
168	4	1096	0	0	0	0
169	4	1097	0	0	0	0
170	4	1101	0	0	0	0
171	4	1108	0	0	0	0
172	4	1113	0	0	0	0
173	4	1114	0	0	0	0
174	4	1117	0	0	0	0
175	4	1124	0	0	0	0
176	4	1129	0	0	0	0
177	4	1131	0	0	0	0
178	4	1132	0	0	0	0
179	4	1137	0	0	0	0
180	4	1143	0	0	0	0
181	4	1144	0	0	0	0
182	4	1148	0	0	0	0
183	4	1151	0	0	0	0
184	4	1157	0	0	0	0
185	4	1163	0	0	0	0
186	4	1169	0	0	0	0
187	4	1173	0	0	0	0
188	4	1174	0	0	0	0
189	4	1177	0	0	0	0
190	4	1184	0	0	0	0
191	4	1189	0	0	0	0
192	4	1191	0	0	0	0
193	4	1192	0	0	0	0
194	4	1197	0	0	0	0
195	4	1198	0	0	0	0
196	4	1201	0	0	0	0
197	4	1203	0	0	0	0
198	4	1207	0	0	0	0
199	4	1209	0	0	0	0
200	4	1216	0	0	0	0
201	4	1227	0	0	0	0
202	4	1231	0	0	0	0
203	4	1233	0	0	0	0
204	4	1246	0	0	0	0
205	4	1249	0	0	0	0
206	5	3146	0	0	0	0	0
207	5	3147	0	0	0	0	0
208	5	3148	0	0	0	0	0
209	5	3149	0	0	0	0	0
210	5	3152	0	0	0	0	0
211	5	3159	0	0	0	0	0
212	5	3164	0	0	0	0	0
213	5	3167	0	0	0	0	0
214	5	3173	0	0	0	0	0
215	5	3176	0	0	0	0	0
216	5	3182	0	0	0	0	0
217	5	3187	0	0	0	0	0
218	5	3191	0	0	0	0	0
219	5	3199	0	0	0	0	0
220	5	3204	0	0	0	0	0
221	5	3208	0	0	0	0	0
222	5	3213	0	0	0	0	0
223	5	3219	0	0	0	0	0
224	5	3221	0	0	0	0	0
225	5	3228	0	0	0	0	0
226	5	3231	0	0	0	0	0
227	5	3236	0	0	0	0	0
228	5	3243	0	0	0	0	0
229	5	3247	0	0	0	0	0
230	5	3262	0	0	0	0	0
231	5	3263	0	0	0	0	0
232	5	3267	0	0	0	0	0
233	5	3268	0	0	0	0	0
234	5	3278	0	0	0	0	0
235	5	3279	0	0	0	0	0
236	5	3296	0	0	0	0	0
237	5	3297	0	0	0	0	0
238	5	3303	0	0	0	0	0
239	5	3304	0	0	0	0	0
240	5	3307	0	0	0	0	0
241	5	3308	0	0	0	0	0
242	5	3326	0	0	0	0	0
243	5	3327	0	0	0	0	0
244	5	3332	0	0	0	0	0
245	5	3333	0	0	0	0	0
246	5	3351	0	0	0	0	0
247	5	3352	0	0	0	0	0
248	5	3373	0	0	0	0	0
249	5	3374	0	0	0	0	0
250	5	3376	0	0	0	0	0
251	5	3379	0	0	0	0	0
252	5	3382	0	0	0	0	0
253	5	3383	0	0	0	0	0
254	5	3386	0	0	0	0	0
255	5	3389	0	0	0	0	0
256	5	3407	0	0	0	0	0
257	5	3409	0	0	0	0	0
258	5	3411	0	0	0	0	0
259	5	3412	0	0	0	0	0
260	5	3416	0	0	0	0	0
261	5	3419	0	0	0	0	0
262	5	3427	0	0	0	0	0
263	5	3428	0	0	0	0	0
264	5	3431	0	0	0	0	0
265	5	3433	0	0	0	0	0
266	5	3447	0	0	0	0	0
267	5	3449	0	0	0	0	0
268	5	3452	0	0	0	0	0
269	5	3453	0	0	0	0	0
270	5	3457	0	0	0	0	0
271	5	3459	0	0	0	0	0
272	5	3471	0	0	0	0	0
273	5	3473	0	0	0	0	0
274	5	3481	0	0	0	0	0
275	5	3483	0	0	0	0	0
276	5	3488	0	0	0	0	0
277	5	3489	0	0	0	0	0
278	5	3491	0	0	0	0	0
279	5	3494	0	0	0	0	0
280	5	3502	0	0	0	0	0
281	5	3503	0	0	0	0	0
282	5	3506	0	0	0	0	0
283	5	3509	0	0	0	0	0
284	5	3512	0	0	0	0	0
285	5	3513	0	0	0	0	0
286	5	3526	0	0	0	0	0
287	5	3529	0	0	0	0	0
288	5	3531	0	0	0	0	0
289	5	3532	0	0	0	0	0
290	5	3548	0	0	0	0	0
291	5	3549	0	0	0	0	0
292	5	3556	0	0	0	0	0
293	5	3557	0	0	0	0	0
294	5	3561	0	0	0	0	0
295	5	3563	0	0	0	0	0
296	5	3567	0	0	0	0	0
297	5	3568	0	0	0	0	0
298	5	3583	0	0	0	0	0
299	5	3584	0	0	0	0	0
300	5	3587	0	0	0	0	0
301	5	3589	0	0	0	0	0
302	5	3592	0	0	0	0	0
303	5	3593	0	0	0	0	0
304	5	3601	0	0	0	0	0
305	5	3604	0	0	0	0	0
306	5	3608	0	0	0	0	0
307	5	3609	0	0	0	0	0
308	5	3621	0	0	0	0	0
309	5	3622	0	0	0	0	0
310	5	3636	0	0	0	0	0
311	5	3639	0	0	0	0	0
312	5	3641	0	0	0	0	0
313	5	3644	0	0	0	0	0
314	5	3651	0	0	0	0	0
315	5	3653	0	0	0	0	0
316	5	3656	0	0	0	0	0
317	5	3659	0	0	0	0	0
318	5	3677	0	0	0	0	0
319	5	3679	0	0	0	0	0
320	5	3696	0	0	0	0	0
321	5	3698	0	0	0	0	0
322	5	3701	0	0	0	0	0
323	5	3703	0	0	0	0	0
324	5	3722	0	0	0	0	0
325	5	3724	0	0	0	0	0
326	5	3727	0	0	0	0	0
327	5	3729	0	0	0	0	0
328	5	3731	0	0	0	0	0
329	5	3734	0	0	0	0	0
330	5	3754	0	0	0	0	0
331	5	3759	0	0	0	0	0
332	5	3771	0	0	0	0	0
333	5	3788	0	0	0	0	0
334	5	3791	0	0	0	0	0
335	5	3797	0	0	0	0	0
336	5	3799	0	0	0	0	0
337	5	3802	0	0	0	0	0
338	5	3808	0	0	0	0	0
339	5	3817	0	0	0	0	0
340	5	3823	0	0	0	0	0
341	5	3824	0	0	0	0	0
342	5	3826	0	0	0	0	0
343	5	3828	0	0	0	0	0
344	5	3837	0	0	0	0	0
345	5	3841	0	0	0	0	0
346	5	3843	0	0	0	0	0
347	5	3848	0	0	0	0	0
348	5	3853	0	0	0	0	0
349	5	3856	0	0	0	0	0
350	5	3861	0	0	0	0	0
351	5	3867	0	0	0	0	0
352	5	3871	0	0	0	0	0
353	5	3872	0	0	0	0	0
354	5	3874	0	0	0	0	0
355	5	3878	0	0	0	0	0
356	5	3883	0	0	0	0	0
357	5	3886	0	0	0	0	0
358	5	3887	0	0	0	0	0
359	5	3889	0	0	0	0	0
360	5	3892	0	0	0	0	0
361	5	3899	0	0	0	0	0
362	5	3902	0	0	0	0	0
363	5	3909	0	0	0	0	0
364	5	3913	0	0	0	0	0
365	5	3932	0	0	0	0	0
366	5	3939	0	0	0	0	0
367	5	3941	0	0	0	0	0
368	5	3944	0	0	0	0	0
369	5	3951	0	0	0	0	0
370	5	3956	0	0	0	0	0
371	5	3957	0	0	0	0	0
372	5	3964	0	0	0	0	0
373	5	3969	0	0	0	0	0
374	5	3976	0	0	0	0	0
375	5	3979	0	0	0	0	0
376	5	3988	0	0	0	0	0
377	5	3991	0	0	0	0	0
378	5	3993	0	0	0	0	0
379	5	3997	0	0	0	0	0
380	5	4007	0	0	0	0	0
381	5	4013	0	0	0	0	0
382	5	4017	0	0	0	0	0
383	5	4019	0	0	0	0	0
384	5	4029	0	0	0	0	0
385	5	4033	0	0	0	0	0
386	5	4043	0	0	0	0	0
387	5	4047	0	0	0	0	0
388	5	4048	0	0	0	0	0
389	5	4051	0	0	0	0	0
390	5	4057	0	0	0	0	0
391	5	4059	0	0	0	0	0
392	5	4069	0	0	0	0	0
393	5	4071	0	0	0	0	0
394	5	4073	0	0	0	0	0
395	5	4076	0	0	0	0	0
396	5	4081	0	0	0	0	0
397	5	4083	0	0	0	0	0
398	5	4084	0	0	0	0	0
399	5	4088	0	0	0	0	0
400	5	4094	0	0	0	0	0
401	5	4097	0	0	0	0	0
402	5	4112	0	0	0	0	0
403	5	4118	0	0	0	0	0
404	5	4121	0	0	0	0	0
405	5	4127	0	0	0	0	0
406	5	4129	0	0	0	0	0
407	5	4144	0	0	0	0	0
408	5	4149	0	0	0	0	0
409	5	4153	0	0	0	0	0
410	5	4156	0	0	0	0	0
411	5	4169	0	0	0	0	0
412	5	4172	0	0	0	0	0
413	5	4173	0	0	0	0	0
414	5	4181	0	0	0	0	0
415	5	4187	0	0	0	0	0
416	5	4189	0	0	0	0	0
417	5	4191	0	0	0	0	0
418	5	4196	0	0	0	0	0
419	5	4198	0	0	0	0	0
420	5	4204	0	0	0	0	0
421	5	4207	0	0	0	0	0
422	5	4211	0	0	0	0	0
423	5	4213	0	0	0	0	0
424	5	4214	0	0	0	0	0
425	5	4217	0	0	0	0	0
426	5	4222	0	0	0	0	0
427	5	4232	0	0	0	0	0
428	5	4237	0	0	0	0	0
429	5	4244	0	0	0	0	0
430	5	4251	0	0	0	0	0
431	5	4256	0	0	0	0	0
432	5	4257	0	0	0	0	0
433	5	4259	0	0	0	0	0
434	5	4264	0	0	0	0	0
435	5	4268	0	0	0	0	0
436	5	4274	0	0	0	0	0
437	5	4277	0	0	0	0	0
438	5	4292	0	0	0	0	0
439	5	4296	0	0	0	0	0
440	5	4301	0	0	0	0	0
441	5	4304	0	0	0	0	0
442	5	4318	0	0	0	0	0
443	5	4322	0	0	0	0	0
444	5	4334	0	0	0	0	0
445	5	4336	0	0	0	0	0
446	5	4337	0	0	0	0	0
447	5	4341	0	0	0	0	0
448	5	4348	0	0	0	0	0
449	5	4351	0	0	0	0	0
450	5	4353	0	0	0	0	0
451	5	4364	0	0	0	0	0
452	5	4366	0	0	0	0	0
453	5	4369	0	0	0	0	0
454	5	4372	0	0	0	0	0
455	5	4378	0	0	0	0	0
456	5	4383	0	0	0	0	0
457	5	4397	0	0	0	0	0
458	5	4404	0	0	0	0	0
459	5	4406	0	0	0	0	0
460	5	4419	0	0	0	0	0
461	5	4421	0	0	0	0	0
462	5	4423	0	0	0	0	0
463	5	4426	0	0	0	0	0
464	5	4432	0	0	0	0	0
465	5	4437	0	0	0	0	0
466	5	4444	0	0	0	0	0
467	5	4447	0	0	0	0	0
468	5	4448	0	0	0	0	0
469	5	4449	0	0	0	0	0
470	5	4461	0	0	0	0	0
471	5	4467	0	0	0	0	0
472	5	4473	0	0	0	0	0
473	5	4474	0	0	0	0	0
474	5	4476	0	0	0	0	0
475	5	4477	0	0	0	0	0
476	5	4489	0	0	0	0	0
477	5	4491	0	0	0	0	0
478	5	4492	0	0	0	0	0
479	5	4496	0	0	0	0	0
480	5	4502	0	0	0	0	0
481	5	4507	0	0	0	0	0
482	5	4508	0	0	0	0	0
483	5	4509	0	0	0	0	0
484	5	4513	0	0	0	0	0
485	5	4516	0	0	0	0	0
486	5	4523	0	0	0	0	0
487	5	4527	0	0	0	0	0
488	5	4528	0	0	0	0	0
489	5	4541	0	0	0	0	0
490	5	4549	0	0	0	0	0
491	5	4551	0	0	0	0	0
492	5	4552	0	0	0	0	0
493	5	4563	0	0	0	0	0
494	5	4567	0	0	0	0	0
495	5	4568	0	0	0	0	0
496	5	4574	0	0	0	0	0
497	5	4579	0	0	0	0	0
498	5	4594	0	0	0	0	0
499	5	4597	0	0	0	0	0
500	5	4608	0	0	0	0	0
501	5	4612	0	0	0	0	0
502	5	4614	0	0	0	0	0
503	5	4617	0	0	0	0	0
504	5	4621	0	0	0	0	0
505	5	4628	0	0	0	0	0
506	5	4629	0	0	0	0	0
507	5	4643	0	0	0	0	0
508	5	4648	0	0	0	0	0
509	5	4657	0	0	0	0	0
510	5	4663	0	0	0	0	0
511	5	4664	0	0	0	0	0
512	5	4667	0	0	0	0	0
513	5	4671	0	0	0	0	0
514	5	4672	0	0	0	0	0
515	5	4684	0	0	0	0	0
516	5	4689	0	0	0	0	0
517	5	4693	0	0	0	0	0
518	5	4701	0	0	0	0	0
519	5	4707	0	0	0	0	0
520	5	4718	0	0	0	0	0
521	5	4721	0	0	0	0	0
522	5	4724	0	0	0	0	0
523	5	4728	0	0	0	0	0
524	5	4734	0	0	0	0	0
525	5	4736	0	0	0	0	0
526	5	4737	0	0	0	0	0
527	5	4738	0	0	0	0	0
528	5	4744	0	0	0	0	0
529	5	4749	0	0	0	0	0
530	5	4759	0	0	0	0	0
531	5	4761	0	0	0	0	0
532	5	4768	0	0	0	0	0
533	5	4769	0	0	0	0	0
534	5	4777	0	0	0	0	0
535	5	4783	0	0	0	0	0
536	5	4784	0	0	0	0	0
537	5	4793	0	0	0	0	0
538	5	4796	0	0	0	0	0
539	5	4797	0	0	0	0	0
540	5	4814	0	0	0	0	0
541	5	4816	0	0	0	0	0
542	5	4822	0	0	0	0	0
543	5	4828	0	0	0	0	0
544	5	4831	0	0	0	0	0
545	5	4841	0	0	0	0	0
546	5	4846	0	0	0	0	0
547	5	4849	0	0	0	0	0
548	5	4852	0	0	0	0	0
549	5	4856	0	0	0	0	0
550	5	4857	0	0	0	0	0
551	5	4858	0	0	0	0	0
552	5	4861	0	0	0	0	0
553	5	4868	0	0	0	0	0
554	5	4874	0	0	0	0	0
555	5	4876	0	0	0	0	0
556	5	4881	0	0	0	0	0
557	5	4887	0	0	0	0	0
558	5	4888	0	0	0	0	0
559	5	4889	0	0	0	0	0
560	5	4894	0	0	0	0	0
561	5	4898	0	0	0	0	0
562	5	4909	0	0	0	0	0
563	5	4913	0	0	0	0	0
564	5	4917	0	0	0	0	0
565	5	4918	0	0	0	0	0
566	5	4927	0	0	0	0	0
567	5	4928	0	0	0	0	0
568	5	4936	0	0	0	0	0
569	5	4941	0	0	0	0	0
570	5	4942	0	0	0	0	0
571	5	4949	0	0	0	0	0
572	5	4954	0	0	0	0	0
573	5	4958	0	0	0	0	0
574	5	4961	0	0	0	0	0
575	5	4977	0	0	0	0	0
576	5	4982	0	0	0	0	0
577	5	4984	0	0	0	0	0
578	5	4988	0	0	0	0	0
579	5	4993	0	0	0	0	0
580	5	5002	0	0	0	0	0
581	5	5007	0	0	0	0	0
582	5	5023	0	0	0	0	0
583	5	5028	0	0	0	0	0
584	5	5029	0	0	0	0	0
585	5	5036	0	0	0	0	0
586	5	5043	0	0	0	0	0
587	5	5044	0	0	0	0	0
588	5	5049	0	0	0	0	0
589	5	5064	0	0	0	0	0
590	5	5068	0	0	0	0	0
591	5	5071	0	0	0	0	0
592	5	5072	0	0	0	0	0
593	5	5079	0	0	0	0	0
594	5	5083	0	0	0	0	0
595	5	5088	0	0	0	0	0
596	5	5091	0	0	0	0	0
597	5	5096	0	0	0	0	0
598	5	5097	0	0	0	0	0
599	5	5098	0	0	0	0	0
600	5	5101	0	0	0	0	0
601	5	5109	0	0	0	0	0
602	5	5116	0	0	0	0	0
603	5	5122	0	0	0	0	0
604	5	5124	0	0	0	0	0
605	5	5128	0	0	0	0	0
606	5	5131	0	0	0	0	0
607	5	5132	0	0	0	0	0
608	5	5133	0	0	0	0	0
609	5	5137	0	0	0	0	0
610	5	5144	0	0	0	0	0
611	5	5147	0	0	0	0	0
612	5	5157	0	0	0	0	0
613	5	5161	0	0	0	0	0
614	5	5163	0	0	0	0	0
615	5	5168	0	0	0	0	0
616	5	5174	0	0	0	0	0
617	5	5176	0	0	0	0	0
618	5	5191	0	0	0	0	0
619	5	5198	0	0	0	0	0
620	5	5203	0	0	0	0	0
621	5	5204	0	0	0	0	0
622	5	5212	0	0	0	0	0
623	5	5217	0	0	0	0	0
624	5	5218	0	0	0	0	0
625	5	5221	0	0	0	0	0
626	5	5227	0	0	0	0	0
627	5	5228	0	0	0	0	0
628	5	5244	0	0	0	0	0
629	5	5246	0	0	0	0	0
630	5	5251	0	0	0	0	0
631	5	5252	0	0	0	0	0
632	5	5267	0	0	0	0	0
633	5	5272	0	0	0	0	0
634	5	5277	0	0	0	0	0
635	5	5281	0	0	0	0	0
636	5	5287	0	0	0	0	0
637	5	5288	0	0	0	0	0
638	5	5289	0	0	0	0	0
639	5	5291	0	0	0	0	0
640	5	5296	0	0	0	0	0
641	5	5304	0	0	0	0	0
642	5	5308	0	0	0	0	0
643	5	5317	0	0	0	0	0
644	5	5321	0	0	0	0	0
645	5	5324	0	0	0	0	0
646	5	5331	0	0	0	0	0
647	5	5336	0	0	0	0	0
648	5	5342	0	0	0	0	0
649	5	5358	0	0	0	0	0
650	5	5361	0	0	0	0	0
651	5	5362	0	0	0	0	0
652	5	5368	0	0	0	0	0
653	5	5373	0	0	0	0	0
654	5	5374	0	0	0	0	0
655	5	5381	0	0	0	0	0
656	5	5389	0	0	0	0	0
657	5	5391	0	0	0	0	0
658	5	5392	0	0	0	0	0
659	5	5403	0	0	0	0	0
660	5	5407	0	0	0	0	0
661	5	5408	0	0	0	0	0
662	5	5409	0	0	0	0	0
663	5	5414	0	0	0	0	0
664	5	5417	0	0	0	0	0
665	5	5421	0	0	0	0	0
666	5	5427	0	0	0	0	0
667	5	5434	0	0	0	0	0
668	5	5444	0	0	0	0	0
669	5	5446	0	0	0	0	0
670	5	5449	0	0	0	0	0
671	5	5461	0	0	0	0	0
672	5	5469	0	0	0	0	0
673	5	5473	0	0	0	0	0
674	5	5478	0	0	0	0	0
675	5	5481	0	0	0	0	0
676	5	5482	0	0	0	0	0
677	5	5492	0	0	0	0	0
678	5	5498	0	0	0	0	0
679	5	5499	0	0	0	0	0
680	5	5504	0	0	0	0	0
681	5	5509	0	0	0	0	0
682	5	5511	0	0	0	0	0
683	5	5512	0	0	0	0	0
684	5	5513	0	0	0	0	0
685	5	5516	0	0	0	0	0
686	5	5522	0	0	0	0	0
687	5	5528	0	0	0	0	0
688	5	5531	0	0	0	0	0
689	5	5533	0	0	0	0	0
690	5	5537	0	0	0	0	0
691	5	5542	0	0	0	0	0
692	5	5551	0	0	0	0	0
693	5	5557	0	0	0	0	0
694	5	5564	0	0	0	0	0
695	5	5577	0	0	0	0	0
696	5	5578	0	0	0	0	0
697	5	5589	0	0	0	0	0
698	5	5593	0	0	0	0	0
699	5	5594	0	0	0	0	0
700	5	5596	0	0	0	0	0
701	5	5606	0	0	0	0	0
702	5	5612	0	0	0	0	0
703	5	5617	0	0	0	0	0
704	5	5618	0	0	0	0	0
705	5	5626	0	0	0	0	0
706	5	5631	0	0	0	0	0
707	5	5649	0	0	0	0	0
708	5	5652	0	0	0	0	0
709	5	5659	0	0	0	0	0
710	5	5664	0	0	0	0	0
711	5	5668	0	0	0	0	0
712	5	5671	0	0	0	0	0
713	5	5673	0	0	0	0	0
714	5	5674	0	0	0	0	0
715	5	5677	0	0	0	0	0
716	5	5679	0	0	0	0	0
717	5	5688	0	0	0	0	0
718	5	5692	0	0	0	0	0
719	5	5694	0	0	0	0	0
720	5	5697	0	0	0	0	0
721	5	5703	0	0	0	0	0
722	5	5707	0	0	0	0	0
723	5	5718	0	0	0	0	0
724	5	5721	0	0	0	0	0
725	5	5722	0	0	0	0	0
726	5	5737	0	0	0	0	0
727	5	5744	0	0	0	0	0
728	5	5746	0	0	0	0	0
729	5	5748	0	0	0	0	0
730	5	5752	0	0	0	0	0
731	5	5757	0	0	0	0	0
732	5	5761	0	0	0	0	0
733	5	5763	0	0	0	0	0
734	5	5764	0	0	0	0	0
735	5	5768	0	0	0	0	0
736	5	5771	0	0	0	0	0
737	5	5776	0	0	0	0	0
738	5	5779	0	0	0	0	0
739	5	5787	0	0	0	0	0
740	5	5792	0	0	0	0	0
741	5	5794	0	0	0	0	0
742	5	5798	0	0	0	0	0
743	5	5804	0	0	0	0	0
744	5	5808	0	0	0	0	0
745	5	5809	0	0	0	0	0
746	5	5811	0	0	0	0	0
747	5	5816	0	0	0	0	0
748	5	5833	0	0	0	0	0
749	5	5836	0	0	0	0	0
750	5	5841	0	0	0	0	0
751	5	5844	0	0	0	0	0
752	5	5853	0	0	0	0	0
753	5	5856	0	0	0	0	0
754	5	5862	0	0	0	0	0
755	5	5883	0	0	0	0	0
756	5	5887	0	0	0	0	0
757	5	5891	0	0	0	0	0
758	5	5893	0	0	0	0	0
759	5	5913	0	0	0	0	0
760	5	5917	0	0	0	0	0
761	5	5924	0	0	0	0	0
762	5	5929	0	0	0	0	0
763	5	5931	0	0	0	0	0
764	5	5932	0	0	0	0	0
765	5	5934	0	0	0	0	0
766	5	5937	0	0	0	0	0
767	5	5941	0	0	0	0	0
768	5	5948	0	0	0	0	0
769	5	5954	0	0	0	0	0
770	5	5956	0	0	0	0	0
771	5	5958	0	0	0	0	0
772	5	5966	0	0	0	0	0
773	5	5972	0	0	0	0	0
774	5	5974	0	0	0	0	0
775	5	5976	0	0	0	0	0
776	5	5982	0	0	0	0	0
777	5	5992	0	0	0	0	0
778	5	5997	0	0	0	0	0
779	5	5998	0	0	0	0	0
780	5	6001	0	0	0	0	0
781	5	6003	0	0	0	0	0
782	5	6016	0	0	0	0	0
783	5	6021	0	0	0	0	0
784	5	6033	0	0	0	0	0
785	5	6038	0	0	0	0	0
786	5	6041	0	0	0	0	0
787	5	6051	0	0	0	0	0
788	5	6058	0	0	0	0	0
789	5	6061	0	0	0	0	0
790	5	6062	0	0	0	0	0
791	5	6064	0	0	0	0	0
792	5	6068	0	0	0	0	0
793	5	6073	0	0	0	0	0
794	5	6084	0	0	0	0	0
795	5	6086	0	0	0	0	0
796	5	6088	0	0	0	0	0
797	5	6094	0	0	0	0	0
798	5	6097	0	0	0	0	0
799	5	6099	0	0	0	0	0
800	5	6102	0	0	0	0	0
801	5	6109	0	0	0	0	0
802	5	6116	0	0	0	0	0
803	5	6122	0	0	0	0	0
804	5	6123	0	0	0	0	0
805	5	6129	0	0	0	0	0
806	5	6131	0	0	0	0	0
807	5	6133	0	0	0	0	0
808	5	6134	0	0	0	0	0
809	5	6136	0	0	0	0	0
810	5	6142	0	0	0	0	0
811	5	6146	0	0	0	0	0
812	5	6152	0	0	0	0	0
813	5	6154	0	0	0	0	0
814	5	6161	0	0	0	0	0
815	5	6166	0	0	0	0	0
816	5	6169	0	0	0	0	0
817	5	6173	0	0	0	0	0
818	5	6181	0	0	0	0	0
819	5	6188	0	0	0	0	0
820	5	6189	0	0	0	0	0
821	5	6194	0	0	0	0	0
822	5	6197	0	0	0	0	0
823	5	6201	0	0	0	0	0
824	5	6204	0	0	0	0	0
825	5	6217	0	0	0	0	0
826	5	6223	0	0	0	0	0
827	5	6228	0	0	0	0	0
828	5	6243	0	0	0	0	0
829	5	6249	0	0	0	0	0
